1.73000000000000
1.91000000000000
1.96000000000000
2.12000000000000
2.42000000000000
2.39000000000000
2.99000000000000
2.79000000000000
2.56000000000000
2.35000000000000
2.14000000000000
2.15000000000000
2.12000000000000
2.15000000000000
2.78000000000000
3.82000000000000
4.64000000000000
4.94000000000000
4.84000000000000
5.31000000000000
4.71000000000000
4.61000000000000
4.98000000000000
4.87000000000000
5.13000000000000
5.75000000000000
5.88000000000000
5.95000000000000
6.68000000000000
6.22000000000000
6.49000000000000
6.36000000000000
6.28000000000000
6.21000000000000
6.12000000000000
6.07000000000000
6.03000000000000
6.25000000000000
6.17000000000000
5.87000000000000
5.65000000000000
5.59000000000000
5.85000000000000
6.01000000000000
6.34000000000000
6.60000000000000
7.01000000000000
8.70000000000000
9.69000000000000
10.3300000000000
10.2200000000000
9.67000000000000
9.41000000000000
8.95000000000000
8.84000000000000
8.69000000000000
8.42000000000000
8.39000000000000
8.17000000000000
7.96000000000000
8.04000000000000
7.67000000000000
8.04000000000000
8.18000000000000
8.04000000000000
8.01000000000000
7.91000000000000
7.78000000000000
7.25000000000000
7.22000000000000
6.87000000000000
6.41000000000000
6.44000000000000
6.03000000000000
5.74000000000000
5.62000000000000
6.22000000000000
6.25000000000000
6.97000000000000
7.72000000000000
8.33000000000000
9.23000000000000
9.44000000000000
9.90000000000000
10.1800000000000
10.4500000000000
10.5400000000000
10.7000000000000
10.7800000000000
10.6200000000000
10.7600000000000
10.5800000000000
10.0900000000000
9.57000000000000
9.22000000000000
8.82000000000000
8.58000000000000
8.25000000000000
8.03000000000000
8.26000000000000
8.11000000000000
8.11000000000000
8.31000000000000
8.18000000000000
8.50000000000000
8.32000000000000
8.31000000000000
8.06000000000000
7.83000000000000
7.69000000000000
7.77000000000000
7.75000000000000
7.25000000000000
7.04000000000000
6.88000000000000
6.47000000000000
6.40000000000000
6.40000000000000
6.10000000000000
6.29000000000000
6.59000000000000
6.84000000000000
6.88000000000000
6.89000000000000
6.56000000000000
6.32000000000000
6.36000000000000
6.18000000000000
5.99000000000000
6.07000000000000
5.84000000000000
5.68000000000000
5.66000000000000
5.35000000000000
5.55000000000000
5.20000000000000
5.09000000000000
5.13000000000000
4.94000000000000
4.96000000000000
5.08000000000000
4.81000000000000
4.74000000000000
4.55000000000000
4.57000000000000
4.26000000000000
4.35000000000000
4.46000000000000
3.92000000000000
4.26000000000000
4.11000000000000
4.46000000000000
