1860	0	0	0	0.900000000000000	0	0	0	27	0	0	0	0	0	0
1861	0	0	0	0.900000000000000	0	0	0	27	0	0	0	0	0	0
1862	0	0	0	0.900000000000000	0	0	0	30	0	0	0	0	0	0
1863	0	0	0	1	0	0	0	37	0	0	0	0	0	0
1864	0	0	0	1	0	0	0	48	0	0	0	0	0	0
1865	0	0	0	1	0	0	0	47	0	0	0	0	0	0
1866	0	0	0	1.20000000000000	0	0	0	44	0	0	0	0	0	0
1867	0	0	0	1.30000000000000	0	0	0	43	0	0	0	0	0	0
1868	0	0	0	1.30000000000000	0	0	0	41	0	0	0	0	0	0
1869	0	0	0	1.40000000000000	0	0	0	40	0	0	0	5.61000000000000	0	0
1870	0	0	0	1.50000000000000	0	0	0	38	0	0	0	5.16000000000000	0	0
1871	0	0	0	1.50000000000000	0	0	0	37	0	0	0	4.63000000000000	0	4.69000000000000
1872	0	0	0	1.80000000000000	0	0	0	37	0	0	0	5.05000000000000	0	5.03000000000000
1873	0	0	0	1.80000000000000	0	0	0	37	0	0	0	4.95000000000000	0	4.80000000000000
1874	0	0	0	1.70000000000000	0	0	0	35	0	0	0	4.71000000000000	0	4.57000000000000
1875	0	0	0	1.70000000000000	0	0	0	33	0	0	0	4.46000000000000	0	4.45000000000000
1876	0	0	0	1.70000000000000	0	0	0	32	0	0	0	4.65000000000000	0	4.06000000000000
1877	0	0	0	1.80000000000000	0	0	0	32	0	0	0	4.89000000000000	0	3.14000000000000
1878	0	0	0	1.90000000000000	0	0	0	30	0	0	0	5.06000000000000	0	3.38000000000000
1879	0	0	0	2.20000000000000	0	0	0	29	0	0	0	5.10000000000000	0	4.12000000000000
1880	0	0	0	2.50000000000000	0	0	0	30	0	0	0	5.31000000000000	0	5.21000000000000
1881	0	0	0	2.80000000000000	0	0	0	30	0	0	0	4.41000000000000	0	6.25000000000000
1882	0	0	0	3	0	0	0	30	0	0	0	4.41000000000000	0	5.90000000000000
1883	0	0	0	3	0	0	0	29	0	0	0	4.01000000000000	0	5.63000000000000
1884	0	0	0	2.90000000000000	0	0	0	28	0	0	0	3.89000000000000	0	4.73000000000000
1885	0	0	0	2.90000000000000	0	0	0	28	0	0	0	3.53000000000000	0	4.60000000000000
1886	0	0	0	3.50000000000000	0	0	0	28	0	0	0	3.38000000000000	0	5.36000000000000
1887	0	0	0	3.70000000000000	0	0	0	28	0	0	0	3.29000000000000	0	5.53000000000000
1888	0	0	0	3.80000000000000	0	0	0	28	0	0	0	3.15000000000000	0	5.20000000000000
1889	0	0	0	4.10000000000000	0	0	25.9000000000000	28	0	0	3.60000000000000	3.08000000000000	0	5.32000000000000
1890	0	0	0	4.40000000000000	22577	4	25.4000000000000	28	0	0	3.92000000000000	3	0	5.27000000000000
1891	0	0	0	4.50000000000000	22792	5.40000000000000	24.9000000000000	28	0	0	4.08000000000000	2.96000000000000	0	5.03000000000000
1892	0	0	0	4.80000000000000	23932	3	24	28	0	0	4.43000000000000	2.86000000000000	0	5.55000000000000
1893	0	0	0	4.30000000000000	22321	11.7000000000000	24.5000000000000	28	0	0	4.26000000000000	2.93000000000000	0	4.78000000000000
1894	0	0	0	4.20000000000000	21102	18.4000000000000	23	26	0	0	4.28000000000000	2.57000000000000	0	4.39000000000000
1895	0	0	0	4.90000000000000	22824	13.7000000000000	22.7000000000000	25	0	0	4.43000000000000	2.73000000000000	0	4.53000000000000
1896	0	0	0	4.60000000000000	23129	14.4000000000000	22.1000000000000	25	0	0	4.35000000000000	2.63000000000000	0	4.23000000000000
1897	0	0	0	4.90000000000000	23604	14.5000000000000	22.2000000000000	25	0	0	4.64000000000000	2.72000000000000	0	4.45000000000000
1898	0	0	0	5.60000000000000	24746	12.4000000000000	22.9000000000000	25	0	0	5.26000000000000	2.51000000000000	0	5.05000000000000
1899	0	0	0	6.10000000000000	26911	6.50000000000000	23.6000000000000	25	0	0	6.09000000000000	2.49000000000000	0	6.29000000000000
1900	0	0	0	6.30000000000000	27909	5	24.7000000000000	25	487	19.4800000000000	6.60000000000000	2.49000000000000	3.30000000000000	6.15000000000000
1901	0	0	0	7.10000000000000	28922	4	24.5000000000000	25	511	20.4400000000000	7.48000000000000	2.44000000000000	3.25000000000000	7.84000000000000
1902	0	0	0	7.90000000000000	29800	3.70000000000000	25.4000000000000	26	537	20.6500000000000	8.17000000000000	2.31000000000000	3.30000000000000	8.42000000000000
1903	0	0	0	8.10000000000000	30506	3.90000000000000	25.7000000000000	27	548	20.3000000000000	8.68000000000000	2.29000000000000	3.45000000000000	7.21000000000000
1904	0	0	0	7.80000000000000	30771	5.40000000000000	26	27	538	19.9300000000000	9.24000000000000	2.14000000000000	3.60000000000000	7.05000000000000
1905	0	0	0	9.20000000000000	31976	4.30000000000000	26.5000000000000	27	561	20.7800000000000	10.2400000000000	2.13000000000000	3.50000000000000	8.99000000000000
1906	0	0	0	9.80000000000000	33749	1.70000000000000	27.2000000000000	28	577	20.6100000000000	11.0800000000000	2.28000000000000	3.55000000000000	9.64000000000000
1907	0	0	0	10	34371	2.80000000000000	28.3000000000000	29	598	20.6200000000000	11.6000000000000	2.28000000000000	3.80000000000000	7.84000000000000
1908	0	0	0	8.50000000000000	33246	8	28.1000000000000	28	548	19.5700000000000	11.4400000000000	2.06000000000000	3.95000000000000	7.78000000000000
1909	116.800000000000	33400	1291	10	35072	5.10000000000000	29.1000000000000	28	599	21.3900000000000	12.6800000000000	2.19000000000000	3.77000000000000	9.71000000000000
1910	120.100000000000	35300	1300	10.6000000000000	35762	5.90000000000000	29.9000000000000	29	651	22.4500000000000	13.3400000000000	2.17000000000000	3.80000000000000	9.35000000000000
1911	123.200000000000	35800	1312	10.2000000000000	36179	6.70000000000000	29.7000000000000	29	632	21.7900000000000	14.1200000000000	2.07000000000000	3.90000000000000	9.24000000000000
1912	130.200000000000	39400	1366	11.7000000000000	37433	4.60000000000000	30.9000000000000	30	651	21.7000000000000	15.1300000000000	2.12000000000000	3.90000000000000	9.53000000000000
1913	131.400000000000	39600	1351	12.5000000000000	38298	4.30000000000000	31.1000000000000	29.7000000000000	689	23.2000000000000	15.7300000000000	2.15000000000000	4	8.51000000000000
1914	125.600000000000	38600	1267	11.7000000000000	37559	7.90000000000000	31.4000000000000	30.1000000000000	696	23.1200000000000	16.3900000000000	1.88000000000000	4.10000000000000	8.08000000000000
1915	124.500000000000	40000	1238	13.6000000000000	37511	8.50000000000000	32.5000000000000	30.4000000000000	661	21.7400000000000	17.5900000000000	1.87000000000000	4.15000000000000	8.31000000000000
1916	134.300000000000	48300	1317	16.1000000000000	39364	5.10000000000000	36.5000000000000	32.7000000000000	751	22.9700000000000	20.8500000000000	2.09000000000000	4.05000000000000	9.47000000000000
1917	135.200000000000	60400	1309	16.2000000000000	40084	4.60000000000000	45	38.4000000000000	883	22.9900000000000	24.3700000000000	2.15000000000000	4.05000000000000	8.50000000000000
1918	151.800000000000	76400	1471	16	42712	1.40000000000000	52.6000000000000	45.1000000000000	1107	24.5500000000000	26.7300000000000	2.47000000000000	4.75000000000000	7.54000000000000
1919	146.400000000000	84000	1401	14.1000000000000	41938	1.40000000000000	53.8000000000000	51.8000000000000	1293	24.9600000000000	31.0100000000000	2.25000000000000	4.75000000000000	8.78000000000000
1920	140	91500	1315	14.8000000000000	40799	5.20000000000000	61.3000000000000	60	1532	25.5300000000000	34.8000000000000	2.18000000000000	5.10000000000000	7.98000000000000
1921	127.800000000000	69600	1177	11.4000000000000	38568	11.7000000000000	52.2000000000000	53.6000000000000	1396	26.0400000000000	32.8500000000000	1.88000000000000	5.17000000000000	6.86000000000000
1922	148	74100	1345	14.5000000000000	41134	6.70000000000000	49.5000000000000	50.2000000000000	1283	25.5600000000000	33.7200000000000	1.87000000000000	4.71000000000000	8.41000000000000
1923	165.900000000000	85100	1482	17.3000000000000	43955	2.40000000000000	50.7000000000000	51.1000000000000	1403	27.4600000000000	36.6000000000000	2.02000000000000	4.61000000000000	8.57000000000000
1924	165.500000000000	84700	1450	16.2000000000000	43607	5	50.1000000000000	51.2000000000000	1427	27.8700000000000	38.5800000000000	1.95000000000000	4.66000000000000	9.05000000000000
1925	179.400000000000	93100	1549	17.8000000000000	45082	3.20000000000000	51	52.5000000000000	1450	27.6200000000000	42.0500000000000	1.87000000000000	4.50000000000000	11.1500000000000
1926	190	97000	1618	18.9000000000000	46464	1.80000000000000	51.2000000000000	53	1476	27.8500000000000	43.6800000000000	1.94000000000000	4.40000000000000	12.5900000000000
1927	189.800000000000	94900	1594	18.9000000000000	46496	3.30000000000000	50	52	1502	28.8800000000000	44.7300000000000	1.86000000000000	4.30000000000000	15.3400000000000
1928	190.900000000000	97000	1584	19.6000000000000	46774	4.20000000000000	50.4000000000000	51.3000000000000	1534	29.9000000000000	46.4200000000000	1.83000000000000	4.05000000000000	19.9500000000000
1929	203.600000000000	103095	1671	21.8000000000000	47890	3.20000000000000	50.6000000000000	51.3000000000000	1543	30.0800000000000	46.6000000000000	1.94000000000000	4.42000000000000	26.0200000000000
1930	183.500000000000	90367	1490	18.1000000000000	45740	8.70000000000000	49.3000000000000	50	1488	29.7600000000000	45.7300000000000	1.68000000000000	4.40000000000000	21.0300000000000
1931	169.300000000000	75820	1364	15	42660	15.9000000000000	44.8000000000000	45.6000000000000	1369	30.0200000000000	42.6900000000000	1.45000000000000	4.10000000000000	13.6600000000000
1932	144.200000000000	58049	1154	11.7000000000000	39190	23.6000000000000	40.2000000000000	40.9000000000000	1150	28.1200000000000	36.0500000000000	1.24000000000000	4.70000000000000	6.93000000000000
1933	141.500000000000	55601	1126	13.8000000000000	39010	24.9000000000000	39.3000000000000	38.8000000000000	1086	27.9900000000000	32.2200000000000	1.32000000000000	4.15000000000000	8.96000000000000
1934	154.300000000000	65054	1220	15.1000000000000	41150	21.7000000000000	42.2000000000000	40.1000000000000	1153	28.7500000000000	34.3600000000000	1.47000000000000	3.99000000000000	9.84000000000000
1935	169.500000000000	72247	1331	17.4000000000000	42530	20.1000000000000	42.6000000000000	41.1000000000000	1216	29.5900000000000	39.0700000000000	1.49000000000000	3.50000000000000	10.6000000000000
1936	193	82481	1506	20.6000000000000	44710	16.9000000000000	42.7000000000000	41.5000000000000	1287	31.0100000000000	43.4800000000000	1.57000000000000	3.20000000000000	15.4700000000000
1937	203.200000000000	90446	1576	22.5000000000000	46620	14.3000000000000	44.5000000000000	43	1376	32	45.6800000000000	1.64000000000000	3.08000000000000	15.4100000000000
1938	192.900000000000	84670	1484	17.8000000000000	44560	19	43.9000000000000	42.2000000000000	1296	30.7100000000000	45.5100000000000	1.51000000000000	3	11.4900000000000
1939	209.400000000000	90494	1598	21.8000000000000	46120	17.2000000000000	43.2000000000000	41.6000000000000	1363	32.7600000000000	49.2700000000000	1.50000000000000	2.75000000000000	12.0600000000000
1940	227.200000000000	99678	1720	25.5000000000000	48060	14.6000000000000	43.9000000000000	42	1432	34.1000000000000	55.2000000000000	1.48000000000000	2.70000000000000	11.0200000000000
1941	263.700000000000	124540	1977	31.8000000000000	51970	9.90000000000000	47.2000000000000	44.1000000000000	1653	37.4800000000000	62.5100000000000	1.58000000000000	2.65000000000000	9.82000000000000
1942	297.800000000000	157910	2208	36.6000000000000	57720	4.70000000000000	53	48.8000000000000	2023	41.4500000000000	71.1600000000000	1.82000000000000	2.65000000000000	8.67000000000000
1943	337.100000000000	191592	2465	44.7000000000000	63490	1.90000000000000	56.8000000000000	51.8000000000000	2349	45.3500000000000	89.9100000000000	1.75000000000000	2.65000000000000	11.5000000000000
1944	361.300000000000	210104	2611	48.3000000000000	65370	1.20000000000000	58.2000000000000	52.7000000000000	2517	47.7600000000000	106.800000000000	1.61000000000000	2.60000000000000	12.4700000000000
1945	355.200000000000	211945	2538	41.3000000000000	64260	1.90000000000000	59.7000000000000	53.9000000000000	2517	46.7000000000000	126.600000000000	1.37000000000000	2.55000000000000	15.1600000000000
1946	312.600000000000	208509	2211	35.2000000000000	58700	3.90000000000000	66.7000000000000	58.5000000000000	2517	43.0300000000000	138.700000000000	1.16000000000000	2.43000000000000	17.0800000000000
1947	309.900000000000	231323	2150	39.4000000000000	58630	3.90000000000000	74.6000000000000	66.9000000000000	2793	41.7500000000000	146	1.20000000000000	2.50000000000000	15.1700000000000
1948	323.700000000000	257562	2208	41	59803	3.80000000000000	79.6000000000000	72.1000000000000	3038	42.1400000000000	148.100000000000	1.33000000000000	2.80000000000000	15.5300000000000
1949	324.100000000000	256484	2172	38.8000000000000	59266	5.90000000000000	79.1000000000000	71.4000000000000	3095	43.3500000000000	147.500000000000	1.30000000000000	2.74000000000000	15.2300000000000
1950	355.300000000000	284769	2342	44.9000000000000	60570	5.30000000000000	80.2000000000000	72.1000000000000	3302	45.8000000000000	150.800000000000	1.41000000000000	2.58000000000000	18.4000000000000
1951	383.400000000000	328404	2485	48.7000000000000	63062	3.30000000000000	85.6000000000000	77.8000000000000	3608	46.3800000000000	156.400000000000	1.57000000000000	2.67000000000000	22.3400000000000
1952	395.100000000000	345498	2517	50.6000000000000	63846	3	87.5000000000000	79.5000000000000	3832	48.2000000000000	164.900000000000	1.56000000000000	3	24.5000000000000
1953	412.800000000000	364593	2587	54.8000000000000	64726	2.90000000000000	88.3000000000000	80.1000000000000	4053	50.6000000000000	171.200000000000	1.57000000000000	3.15000000000000	24.7300000000000
1954	407	364841	2506	51.8000000000000	63460	5.50000000000000	89.6000000000000	80.5000000000000	4123	51.2200000000000	177.200000000000	1.51000000000000	3	29.6900000000000
1955	438	397960	2650	58.4000000000000	65220	4.40000000000000	90.9000000000000	80.2000000000000	4356	54.3100000000000	183.700000000000	1.59000000000000	3.04000000000000	40.4900000000000
1956	446.100000000000	419238	2652	61	66659	4.10000000000000	94	81.4000000000000	4589	56.3800000000000	186.900000000000	1.66000000000000	3.09000000000000	46.6200000000000
1957	452.500000000000	441134	2642	61.8000000000000	66871	4.30000000000000	97.5000000000000	84.3000000000000	4786	56.7700000000000	191.800000000000	1.68000000000000	3.68000000000000	44.3800000000000
1958	447.300000000000	447334	2569	57.8000000000000	65672	6.80000000000000	100	86.6000000000000	4946	57.1100000000000	201.100000000000	1.61000000000000	3.61000000000000	46.2400000000000
1959	475.900000000000	483663	2688	64.7000000000000	67182	5.50000000000000	101.600000000000	87.3000000000000	5221	59.8100000000000	210.100000000000	1.68000000000000	4.10000000000000	57.3800000000000
1960	487.700000000000	503734	2699	66.2000000000000	68292	5.50000000000000	103.300000000000	88.7000000000000	5352	60.3400000000000	210.700000000000	1.72000000000000	4.55000000000000	55.8500000000000
1961	497.200000000000	520097	2707	66.6000000000000	68318	6.70000000000000	104.600000000000	89.6000000000000	5507	61.4600000000000	221.200000000000	1.69000000000000	4.22000000000000	66.2700000000000
1962	529.800000000000	560325	2841	72.1000000000000	69530	5.50000000000000	105.800000000000	90.6000000000000	5730	63.2500000000000	233.900000000000	1.71000000000000	4.42000000000000	62.3800000000000
1963	551	590503	2912	76.5000000000000	70500	5.70000000000000	107.200000000000	91.7000000000000	5920	64.5600000000000	249.100000000000	1.69000000000000	4.16000000000000	69.8700000000000
1964	581.100000000000	632410	3029	81.8000000000000	72044	5.20000000000000	108.800000000000	92.9000000000000	6196	66.7000000000000	264.700000000000	1.71000000000000	4.33000000000000	81.3700000000000
1965	617.800000000000	684884	3181	89.2000000000000	73811	4.50000000000000	110.900000000000	94.5000000000000	6389	67.6100000000000	285.900000000000	1.72000000000000	4.35000000000000	88.1700000000000
1966	658.100000000000	749857	3349	98	76018	3.80000000000000	113.900000000000	97.2000000000000	6643	68.3400000000000	308	1.76000000000000	4.75000000000000	85.2600000000000
1967	675.200000000000	793927	3399	100	77818	3.80000000000000	117.600000000000	100	6880	68.8000000000000	331.800000000000	1.72000000000000	4.95000000000000	91.9300000000000
1968	706.600000000000	864202	3522	105.800000000000	79455	3.60000000000000	122.300000000000	104.200000000000	7347	70.5100000000000	361.600000000000	1.72000000000000	5.93000000000000	98.7000000000000
1969	724.700000000000	929095	3577	110.700000000000	81408	3.50000000000000	128.200000000000	109.800000000000	7775	70.8100000000000	385.200000000000	1.73000000000000	6.54000000000000	97.8400000000000
1970	720	974126	3516	106.700000000000	81815	4.90000000000000	135.300000000000	116.300000000000	8150	70.0800000000000	401.300000000000	1.73000000000000	7.60000000000000	83.8200000000000
