0
0
9.40520610935499
16.2326632123815
21.0286148154252
29.0289150767827
36.4766536141567
40.8347959827725
50.1235583064740
52.5788689148496
57.1917493613884
63.4575783737950
69.9762634252358
76.8342402627279
78.3397783943710
83.5051096185369
86.6981272501009
93.0692017714761
93.6873899786193
99.2253051019029
97.8337264794119
98.7147314183779
100.951897265618
102.776355956875
106.787827720618
108.883355569901
113.469773376857
114.443242429616
117.562377790631
120.010734086979
120.444422575673
122.565565364700
126.066955636477
128.656666255634
131.401124332914
133.219245962861
136.260183131549
136.471913549261
137.680336537926
138.072421764454
143.975989780536
142.039702736158
145.758891012071
145.074183966363
145.613056914479
146.394535414409
145.927104955124
146.847754952634
146.058143129557
145.645475648176
148.547779585344
149.424746966514
149.311566853852
148.510929897728
147.193859830052
148.665621291991
148.632363000450
148.539760965166
149.803689608818
151.347952587581
148.982181364168
148.514419068705
150.292452717506
150.423896088400
151.124254291849
151.409756695523
154.129558719182
154.448286580010
155.187160797067
155.249775649771
155.516606985397
158.018887208394
155.166836558155
159.594362275783
156.449559303115
158.255347211377
153.290731143274
155.787934304233
155.603169456179
158.115181048730
159.545997766420
158.915584365286
159.965388571132
161.831584436498
161.820086491147
161.301717778784
160.408036769025
160.273319145952
162.466987078355
161.290020231740
165.586848533065
165.463919971185
165.755312196954
162.133335771328
165.823583636489
165.316495147820
163.152858026622
164.998853019707
163.287052923632
164.232125803057
164.208746962507
164.356678739120
163.096224976108
159.822978546753
162.808023639188
163.874088135112
161.963772621291
160.395846565189
160.473534218682
160.142055163057
160.926165913510
158.822182305045
159.390865086966
159.733137119675
159.831397883368
158.766601037343
160.928428647980
159.573030738585
158.867412989686
158.575219159683
160.246186465028
159.102674279330
157.524701872963
159.604942582114
158.224828813634
159.816058335977
158.778908788957
159.957099301305
160.261217736412
157.851559952496
157.737383622975
157.465556094908
156.452616613089
155.891291566528
156.846243851003
153.223965990066
153.788369790908
156.365437214462
157.345157738007
160.648606852571
157.821118021149
157.771900127676
155.736063213467
156.666253688586
156.962124723727
156.581523217002
158.277598952763
159.080430249709
159.861071357063
161.013999785822
160.072848693340
160.005139819125
164.385986580312
161.330600406207
161.256055984170
161.864698719305
162.738558230574
156.819541234416
159.802275242501
160.772142908464
161.077850106771
158.924443296271
159.040932497088
158.474729984450
159.329055933175
157.043801855653
157.564224451327
157.220934844972
158.847017223959
158.751496434581
158.531003666252
160.874421650131
161.828697472977
162.857889756716
158.273744818356
160.437870211582
157.053740272138
159.638696293697
159.357543958009
161.720854163414
160.697157653787
161.476112594759
164.211990332439
161.135469583983
162.876337897722
163.365490550757
163.216848866431
162.505409038972
162.800698713910
164.657606233051
164.920558766968
166.995732220915
164.227655004796
163.736042988618
165.067196833911
165.022056505300
163.067147196982
163.667170187573
163.417880182586
161.685275566002
160.745600059127
159.953681821194
160.804524730802
158.099538687448
160.673560962558
162.570945575889
162.589927746284
160.937093870992
160.650749714867
160.862267880770
160.037521503848
160.702312818008
161.327323197987
160.144182254286
158.545588211341
161.247883052987
162.519501810990
160.225054326443
162.039549853321
157.699400267887
159.562024099402
157.801041335033
159.651322288775
157.897364639089
161.017750113991
159.611099653385
158.105110333119
158.499160430110
155.640160436959
158.228991055609
156.840041824472
156.831594818488
154.934163082421
154.826703885416
155.440746390559
153.776850561855
154.722271146899
157.496256374361
155.558262959716
155.175248132083
157.454491965490
157.911580587314
158.516194735922
156.815537027893
156.640721277600
156.868678749412
156.558552861536
155.875688503605
153.303828457171
153.617357685629
155.263931375533
152.574761450034
153.404980364345
153.139894153491
151.928175100822
150.490525299027
148.753879466639
150.735808910486
149.050561470232
151.715835880444
150.028591245869
151.381016441131
149.777817217765
150.739276386415
152.126516412053
153.455459005778
154.265998241531
153.006996375065
156.622599317350
157.953071270737
155.378422760726
156.123437393467
157.238626609310
156.952101407260
157.029405668654
158.489331807196
156.703100042634
159.762573063652
157.334815414073
156.776165459361
156.039323010506
155.293597531888
155.998982297960
155.219257248815
156.655579938662
156.865626973249
158.000448849073
156.371436098508
155.798150837041
156.494126834226
155.292998017401
155.784515638789
152.566939293157
154.909692721674
156.343056161637
157.988681721803
161.028496035086
160.709572211700
160.947469737937
162.006192150050
