17.1000000000000	15
17.6000000000000	15.1000000000000
18.3000000000000	15.5000000000000
18.6000000000000	15.7670000000000
18.8000000000000	16.3330000000000
19.1000000000000	16.4670000000000
19.5000000000000	16.5330000000000
19.5000000000000	16.8000000000000
19.7000000000000	16.8330000000000
19.8000000000000	16.8330000000000
19.9000000000000	17
20.6000000000000	17
20.9000000000000	16.9670000000000
21.1000000000000	17.0330000000000
21	17.1670000000000
20.6000000000000	17.2000000000000
20.5000000000000	17.2000000000000
20.6000000000000	17.1670000000000
20.8000000000000	17.1670000000000
21.2000000000000	17.0670000000000
21.8000000000000	17
22.2000000000000	17
22.5000000000000	17.1330000000000
22.6000000000000	17.1670000000000
22.5000000000000	17.1000000000000
22.7000000000000	17.2330000000000
22.7000000000000	17.4670000000000
23	17.5330000000000
23.2000000000000	17.6670000000000
23.1000000000000	17.8670000000000
23.3000000000000	18
23.1000000000000	18.0670000000000
22.5000000000000	18.2670000000000
22.6000000000000	18.4000000000000
23.1000000000000	18.4330000000000
23.7000000000000	18.4330000000000
24.1000000000000	18.4330000000000
24.8000000000000	18.5330000000000
24.7000000000000	18.6330000000000
24.8000000000000	18.7000000000000
25.4000000000000	18.7000000000000
25.2000000000000	18.8330000000000
25.3000000000000	18.9000000000000
25	19
25.1000000000000	19
25.6000000000000	19
26	19.1000000000000
26.5000000000000	19.1000000000000
27	19.1670000000000
27.3000000000000	19.3000000000000
27.6000000000000	19.3330000000000
27.6000000000000	19.4000000000000
28	19.4000000000000
28.3000000000000	19.4330000000000
28.9000000000000	19.6000000000000
29.1000000000000	19.6330000000000
29.7000000000000	19.7000000000000
30.1000000000000	19.7330000000000
30.5000000000000	19.8000000000000
30.6000000000000	19.8670000000000
31.3000000000000	19.9330000000000
31.7000000000000	20.0330000000000
32.4000000000000	20.1000000000000
33.2000000000000	20.2330000000000
34	20.4000000000000
34.1000000000000	20.6330000000000
34.3000000000000	20.7670000000000
34.6000000000000	21
34.9000000000000	21
34.9000000000000	21.1670000000000
35.2000000000000	21.3670000000000
35.5000000000000	21.5330000000000
36.2000000000000	21.8000000000000
36.8000000000000	22
37.1000000000000	22.3330000000000
37.2000000000000	22.5670000000000
37.8000000000000	22.8330000000000
37.9000000000000	23.2000000000000
38.2000000000000	23.6000000000000
38	23.9000000000000
37.9000000000000	24.2330000000000
38	24.6000000000000
38.3000000000000	24.9330000000000
37.9000000000000	25.2330000000000
39	25.4330000000000
39.2000000000000	25.7330000000000
39.5000000000000	25.9670000000000
39.6000000000000	26.1330000000000
40.3000000000000	26.3000000000000
41.3000000000000	26.5330000000000
41.7000000000000	26.7670000000000
42.4000000000000	27.0330000000000
43.4000000000000	27.4000000000000
43.9000000000000	28
43.7000000000000	28.6000000000000
44.1000000000000	29.3000000000000
43.7000000000000	30.1000000000000
43.8000000000000	30.9330000000000
43.4000000000000	31.9000000000000
43.2000000000000	32.8330000000000
42.7000000000000	33.4330000000000
43	33.9330000000000
43.8000000000000	34.6670000000000
44.3000000000000	35.2330000000000
45.3000000000000	35.5330000000000
45.7000000000000	36
45.9000000000000	36.5670000000000
46.2000000000000	37
46.8000000000000	37.6330000000000
47.7000000000000	38.4670000000000
48.6000000000000	39
48.6000000000000	39.4670000000000
48.7000000000000	40.1000000000000
50.6000000000000	41.1330000000000
51.1000000000000	42.1330000000000
51.8000000000000	43
51.9000000000000	44.0330000000000
51.9000000000000	45.5670000000000
52.3000000000000	47.1000000000000
52.5000000000000	48.4000000000000
52.6000000000000	50.3330000000000
51.6000000000000	52.1670000000000
51.5000000000000	53.1330000000000
52.4000000000000	54.5330000000000
53.5000000000000	55.9670000000000
53.1000000000000	57.3000000000000
53.7000000000000	58.8670000000000
53	59.7000000000000
52.2000000000000	60.2000000000000
52.5000000000000	61.1330000000000
52.3000000000000	62.3000000000000
52.3000000000000	62.4330000000000
52.9000000000000	62.4000000000000
54.1000000000000	63.1670000000000
55.2000000000000	63.9330000000000
56.3000000000000	64.5000000000000
57.4000000000000	65.2330000000000
58.4000000000000	65.9000000000000
59	66.6330000000000
59.5000000000000	67.1000000000000
60	67.5670000000000
60.5000000000000	68.4000000000000
61.5000000000000	68.8670000000000
62	69.5000000000000
62.6000000000000	69.6670000000000
62.8000000000000	69.4670000000000
63.4000000000000	70
63.7000000000000	70.3670000000000
64.1000000000000	71.2000000000000
64.8000000000000	72.1330000000000
65.3000000000000	72.9330000000000
66.4000000000000	73.5670000000000
66.8000000000000	74.0330000000000
67.6000000000000	74.9330000000000
68	75.9330000000000
68.9000000000000	76.7000000000000
69.5000000000000	77.5670000000000
70.1000000000000	78.8330000000000
70.6000000000000	79.4670000000000
70.8000000000000	80.2670000000000
71.5000000000000	81.6330000000000
71.8000000000000	82.4670000000000
71.8000000000000	83.8670000000000
71.2000000000000	85.2330000000000
70.8000000000000	85.9330000000000
71.3000000000000	86.4670000000000
71.6000000000000	87.1330000000000
71.9000000000000	87.8000000000000
72.7000000000000	88.4000000000000
73.4000000000000	89.1330000000000
74.2000000000000	89.8330000000000
75	90.4670000000000
75.1000000000000	91.2330000000000
75.6000000000000	91.9330000000000
76	92.3000000000000
77	92.9670000000000
77.7000000000000	93.5000000000000
78.8000000000000	94.1330000000000
79.3000000000000	94.9670000000000
80.2000000000000	95.3670000000000
80.4000000000000	96.1670000000000
80.6000000000000	97
81.2000000000000	97.4670000000000
81.8000000000000	97.9330000000000
82.4000000000000	98.8330000000000
83.8000000000000	99.7670000000000
84.5000000000000	100.333000000000
85.4000000000000	101.033000000000
86.1000000000000	101.733000000000
87.4000000000000	102.133000000000
88.5000000000000	102.533000000000
89.2000000000000	102.933000000000
90	103.200000000000
90.8000000000000	103.767000000000
92	104.167000000000
93.6000000000000	104.567000000000
94.4000000000000	104.933000000000
95.2000000000000	106
96.4000000000000	106.600000000000
98.1000000000000	107.267000000000
98.4000000000000	108.333000000000
100.300000000000	109.467000000000
100.400000000000	110.367000000000
101	110.933000000000
100.600000000000	112
101.300000000000	113.200000000000
101	113.367000000000
101.400000000000	113.033000000000
102.200000000000	113.433000000000
102.800000000000	114.633000000000
103.300000000000	115.133000000000
103.300000000000	115.500000000000
103.700000000000	116.633000000000
104.600000000000	117.100000000000
106.300000000000	117.667000000000
107.300000000000	117.667000000000
108	118.767000000000
108.800000000000	120.467000000000
109.600000000000	120.900000000000
110.500000000000	121.600000000000
111.700000000000	122.367000000000
112.100000000000	124
113	125.500000000000
113.600000000000	126.167000000000
115.100000000000	126.833000000000
115.500000000000	129
115.500000000000	129.700000000000
116.300000000000	128.633000000000
116.700000000000	129.900000000000
117.600000000000	132.400000000000
118.700000000000	132.767000000000
119.300000000000	133.700000000000
119.100000000000	135.233000000000
119.500000000000	138.200000000000
118.700000000000	139.800000000000
117.100000000000	135.833000000000
115.100000000000	135.167000000000
114.900000000000	136.600000000000
115.600000000000	137.533000000000
117.200000000000	137.800000000000
