1.21715134558009	1.48106578409551	0.821279687806964	-2.47527102995898
0.575699103649378	0.192440645514129	2.93302661506459	-5.28298524795669
1.94742303090253	-0.830135841759471	8.48712011706084	-1.61911520927779
3.11624170064846	1.61070716484410	5.97353042336181	-3.22632645454615
1.76977424100948	1.00586768207225	3.08862604200840	1.41443179445779
2.28119950976832	0.0581720801687392	7.62325376039371	2.11116040691357
3.92072233074309	1.05531297300404	8.82619906682521	1.03055484821796
2.77982420240406	2.40824744809480	1.36238696286455	1.28117568540421
5.75039582450884	2.02498449759935	9.52004184015095	-0.941223525962622
-0.722942006944206	-0.938406226855733	0.00465699238702650	2.22844440723163
2.45352194334608	3.67220537852226	4.04093274381012	-5.57964846099319
3.68504927955046	2.51091613175006	5.93607026385143	0.544645044002590
6.21960749697567	1.99215270724737	9.71661703661084	-1.85439046647095
5.00601808660344	-0.258069818668603	4.33354438981041	1.96808612630288
4.01860939371785	-0.136324494308748	5.33612890634686	2.19262857493885
3.38305327003252	0.0139978762806912	2.32851673150435	2.76672445344780
2.58509490963721	-3.84465986413904	6.67318700812757	5.64233909310608
4.77388855011923	-0.378094965682275	8.96538327215239	-0.558423306509938
2.51198695369834	-1.25565136019062	6.95175919216126	1.02142013247038
5.90929453452543	0.726845074132208	9.33001195313409	-0.298388530362392
0.927340340630468	-1.54133331885009	0.506970249116421	4.08858803885125
5.40406792072499	1.14737969557096	7.01459023868665	2.22856646227157
4.94571297435021	1.68939849563440	3.17772962618619	0.232174069355879
2.34661992003866	-0.941113680162526	2.76670729974285	0.712248745703157
2.50147890034554	-2.18143848258374	5.82878419198096	3.64639894150723
8.47352515987400	3.05158407286910	9.36783683253452	-2.42954316744454
3.62500692865240	-0.207734460101545	0.964354253374040	1.55336721408227
3.82423506616719	-1.25765864132241	4.12427715258673	3.78887850083099
4.36302943583788	1.29356487101418	4.78808915242553	-2.11979547361257
2.43171549074449	-0.623804682255413	6.45712082972750	1.05308273041101
-0.779480250270509	-2.30567570423141	1.40978189650923	5.28463317854863
5.73170791379656	1.13880819108259	9.57196675473824	3.87952905109580
0.133072224316478	-1.08614035505078	0.323110399767757	1.82672797924671
1.52357737220996	-0.175336860780726	7.69885315326974	-0.403641239881145
1.57713297493188	-0.376095224780288	5.90562603902072	0.728589281717225
4.00946346571884	3.33932139727660	4.54328068764880	-2.19100817012463
4.84420795287908	2.95289279617628	6.64728835225105	-0.785160184240184
2.51043729288427	1.90352756954566	0.00521041220054030	-2.43339982967827
4.35050586392627	-0.827849197774780	5.22204783279449	4.02119424021437
2.58001593552999	-0.746716679877937	1.52956197271124	0.505402877719860
4.87365701087865	-0.520640311163638	6.50330689735711	3.20882785369682
5.84030569600683	-0.0838154548477626	9.27400306565687	2.81166079550634
3.46145213689327	0.572770466769768	2.31354223098606	-1.67907456517418
-0.592515896091969	-3.47899443322153	1.24271179782227	0.933502914025503
5.50576716663238	0.484997601534456	7.21594983711839	-1.04853734784958
2.63753254662561	-0.959526517563239	1.26330921193585	3.02789234414861
2.70913262590038	-1.90964437844454	2.12667724583298	6.19456424616566
7.14664806549024	1.94313033930951	9.80329986894503	-0.405221376206211
3.63812956824103	1.45734546109176	0.0750354584306479	-1.03426374419665
4.06448651483665	1.72604282031461	0.757124002557248	0.514191581390424
4.07471561968082	-1.13172956741764	4.19103633146733	2.36453978227149
4.28320909119792	-0.834998365254615	7.11031538667157	-0.421368753221911
-1.09885872878637	-4.67997554187669	0.0796792283654213	1.31412877507621
-0.684777698853384	-3.97067952978688	0.428274681326002	1.31647873608960
3.44549657384263	1.01799510671256	6.27461389172822	-3.12588183138094
1.67289136063657	-0.421155652222214	4.04880864778534	1.53682079855964
5.12708746324898	1.02036926605542	5.57513461448252	1.96672412763022
7.57805367671799	3.98020651200005	3.30485124839470	-2.49796076345510
6.78226387824634	0.506932590927610	9.88491391297430	-0.821936498615790
4.56918266052850	-2.74362245602586	8.69167327182367	0.763689813316428
6.51105967277642	-0.0115611174998214	9.81346203014255	-0.313486478851967
0.743286229049283	-3.59774804185290	5.24640274932608	0.179572576226837
2.09289248246667	-0.0238191108496777	0.897001721896231	-1.39806300242929
0.948425607862397	-3.50608384376550	4.15181905264035	5.05382186921476
2.85388685249920	0.252114881650417	8.96927590481937	-2.51408593028637
0.837699869164831	-1.93419414221723	6.33614918915555	3.48585196514279
-2.73431090945893	-3.67331531917543	1.08975886832923	4.91242061099291
-0.186441815322858	-0.689008110630706	3.24098543496802	2.05290359387583
-0.0330146570111505	0.0626647004147756	3.64181987941265	2.64600616103601
2.26874154415759	2.23864451611974	2.59545907145366	-0.319694978212008
2.98910451322366	1.29415087379737	8.87159113306552	1.96316230833859
1.86317243673392	1.64584644144127	7.59144561598077	-3.56146043402194
-0.232734872286014	1.95787108302902	3.37462012656033	-4.73781338423940
-0.703706320175751	2.99107363684326	1.92684256238863	-6.59786632108689
0.653738287609700	-0.705712351575594	9.97683966066688	-0.776305161405629
0.124491155378507	1.83160960453484	1.39685127185658	-3.11689821642420
1.06910626551230	-1.50347749730838	6.22396679595113	4.79423263553818
2.59439096326662	1.79910846264785	0.691710279788822	1.14161405730388
3.75282397740124	1.56235921554789	1.41414521727711	1.91872355698721
5.39552145454073	3.86450462898863	2.42846790933982	-5.36012922667434
7.61859722894465	3.85936725325721	7.90747358463705	-4.40533900084281
6.68192148822499	2.59967094615070	9.82914770720527	-2.28865242175151
5.52025582724108	3.37728799004009	4.44801557343453	-4.00215475935600
7.21050937331144	2.70464211921370	5.48305084230378	-0.572638013459942
3.82252716147237	-0.918607521896890	7.56396543234587	0.863324482146820
0.579087771762060	-1.15177389806762	1.92195523297414	-3.30863443325605
0.641518987177011	-4.27497238627900	4.89484601188451	5.57525188650681
4.91818694241494	0.455637564056393	5.91861179331318	0.520035244868263
4.76743624920186	0.742040302194318	9.65594434179366	-1.51369991421528
0.363335174020586	-1.48153003126775	3.11620381427929	0.353064462830974
-0.940414234556445	-2.94126233961282	1.51464296039194	4.10099450627946
-0.0774354181138506	-1.24619218993618	3.43432612018660	-0.104177181561779
2.25821500376631	1.47966386634059	4.04588332399726	-2.08054384062264
3.98242148876190	0.990813974177357	6.30055626621470	0.685179688050370
5.05814953675485	1.63409085334294	5.77970074955374	0.574340848670712
7.20176759317495	1.57858757012256	8.75083066755906	2.52535030389996
3.45546206052900	-1.40897457984183	8.77759846858680	0.899001968660497
0.494014952320732	-2.61852001674231	4.45160417584702	2.37222575526523
4.40252173337185	1.21087573504817	8.80148149561137	-1.65954885828784
5.15288645197789	2.14699637729750	8.34716224344447	-0.653699039270136
1.96719168743599	0.225392274395735	2.59394913911819	2.13593272180180
2.44167942069235	0.437341948263144	5.55147044127807	1.58643436753624
2.59834424912628	2.20364116602487	3.69694810826331	-1.45747454982723
-2.61074016933253	-5.51178058030748	4.91058672079817	9.97547316830674
2.35034751839306	1.51626489502737	6.72211629338563	-1.69404828115653
1.93179955492465	1.02177476553297	2.98392743570730	1.10315862094668
2.39582876834851	0.184536234726402	4.17560042347759	3.64585917903299
1.37744451804939	0.440688695533503	3.65556876407936	1.53806489892315
4.17814829413564	-0.242893631780687	7.95770892873406	3.52659882481615
7.15771372702445	2.45800352221136	7.81528079649434	-1.68126254282552
3.78577854954108	1.22093863494355	2.62846446130425	0.493502273837615
5.77767461464603	2.11462468657258	7.16813218081370	-1.63506713820978
6.44343910585256	3.11719622020571	7.57894865237176	-2.32800649143820
1.96582628793673	0.157706559016423	1.86626883922145	0.871132613921636
4.25329360275944	3.47851437498176	3.50028480868787	-3.03219664262323
2.02020903258542	0.556518202751661	3.93186089815572	-0.455605890303591
3.39626853048592	2.10181473949151	3.12218237668276	-1.39755677120909
1.34372979827573	0.169105648847907	2.98122759675607	3.65405953554834
3.24570308497645	2.76332612176861	0.226170127280057	0.239839623409244
5.33781527001458	2.23112248930527	8.19179056445137	-1.90545586903158
1.09932319444203	-0.515057799444106	2.54997313953936	1.51398136700099
2.61594097438947	0.280172754303413	6.40077148331329	0.918032800308300
-0.269939013542944	-3.20725692416258	6.51394178625196	4.08052626681108
2.08379219436964	0.615898010271415	1.31244077580050	-1.67874337916477
1.13407157619861	-0.576505516610529	2.84301904961467	0.209103012215696
6.62682509904527	2.98726016147936	8.64423958351836	0.416910985586649
3.36987157276444	0.678107570896779	5.25343562010676	-2.16298979951340
5.90233689478890	2.94029356616005	7.28623792761937	-4.59860495704403
5.04297411496228	1.12133553872979	7.54715035669506	-0.719580265805409
4.45767079867906	2.95236938319683	2.80815756646916	-2.25555701621518
1.10271944309122	-2.71197985964886	0.834006811492145	6.15633068812682
6.09046362885179	1.50132797239947	7.54857869120315	-0.926578210593356
-0.258127225482255	-1.69084944522128	0.306654646992683	-2.31885824572820
1.20282570889126	-3.30275959972499	6.68696522479877	3.10009513247631
-0.495764183289793	-2.58327588349951	3.15148789901286	0.128175739652608
-1.72160600256468	-4.26029250143250	2.75578411528841	4.81371284478723
0.740229572800433	-0.437049662665452	3.91518016345799	-2.43420389634036
3.41529906625377	3.45291466739432	7.62225963873789	-4.54316681212875
3.21956784986742	1.26218371724631	4.08584991004318	-0.0994354683919913
2.20413584201578	0.0448954419364194	1.68219435261562	2.81732485194710
2.57863598945206	-1.26801455199105	6.91546725109220	2.21920091689098
1.52098078778994	1.33232141984055	0.486803965177387	-2.20224319253355
4.74376055506810	1.61350243499895	9.73081661853939	-1.56245851957997
8.32643566034129	5.68928159294088	9.89265401149169	-4.09843731620064
2.95904076013090	1.88672832147933	2.27915792725980	-0.0873028515250889
5.32207127291830	1.86866425454379	7.70955185173079	-1.22048974203089
3.61200047972743	1.75432466648927	4.15668192785233	-1.61005061024588
2.58018346993987	-0.125935756083395	3.34663813235238	0.285584159971176
6.82832163545980	4.09450239321479	5.19793357700110	-3.86406220655893
3.05505263490504	0.211672619241563	2.74793747579679	-0.176568255626471
-0.770194346445088	-4.21962342588261	2.98758037853986	2.43664029901358
3.54312734635347	0.381692823396739	4.59026878932491	-0.0633123036501347
5.13809381006770	3.70098797185228	9.51723077334464	-6.41304248052330
-0.175673548746743	1.13896466291947	0.913681208621711	-2.94448484400483
1.58326397437087	-0.358122043205551	7.57446078117937	1.66590171295211
-3.17106491980737	-1.52392263241776	1.69247231679037	1.17590581711284
0.961272136115334	1.12920980188410	4.84378522261977	-0.141563172653649
-0.749909647431322	-0.587977121535984	3.95836090436205	1.98911903285015
-0.0285222551895847	1.10438909686096	3.04501297418028	-1.97966775350739
-2.25672976720285	-0.830920598593262	2.58152716094628	0.581424942830738
2.59102378492256	1.92973959360495	8.85825383476913	-2.37533798694663
0.554311480767559	0.403813009149723	7.32499881414697	-3.11682861027896
0.316088717135111	0.902969760882388	6.01179770659655	-3.08255416852080
2.01643876712020	-0.164365704296788	9.93825235636905	1.99451190345807
-2.71805530204146	-2.33451664909759	1.86416491866112	2.08243267013306
0.688207151825368	-0.0900329903962060	1.47191412514076	2.66038236835675
-0.0195978181803957	-0.369590691552806	0.219829645939171	2.12575490692928
1.14594629843098	-1.31543465393206	4.30208662757650	3.35838719909659
1.73168839772842	0.131839338195577	3.10444650240243	-0.322256209898718
2.25223640077165	0.591503307053133	1.17509112460539	1.34795845296174
-1.93604668038057	-4.51494978207460	0.914863510988653	8.37889101993481
2.05615226915042	-1.40160199898708	5.54630811559036	0.441427777152808
1.86170812648035	2.51731135463359	0.876782778650522	-5.07700771659909
4.91849859276524	3.13541441395983	9.21531298896298	-3.72690738692018
1.00172063387020	0.00148294697111180	1.21363332960755	0.618457427605129
5.38415524573368	1.51124530109411	5.37864472949877	-0.879038702255016
2.71022897593063	1.55638538611871	0.979048674926162	-2.80843944594755
1.56393302866273	-0.164257438333683	3.35631119785830	-1.44280143564373
2.01504592726941	-2.16250953053631	6.25729482155293	2.67397983976395
4.21758764062928	1.56872388761621	6.02352512301877	-1.41222635567483
3.55375043930550	2.20284174369987	0.516072548925877	-1.42140837598364
5.53345233814653	1.45751819117049	8.02018057322130	-3.65584000135444
-1.10089922634099	-4.35113934240888	3.42932090628892	1.27682796201380
1.06899187710637	-0.438379652864854	2.74222029605880	-1.99809069506655
1.04956916069673	-2.89821076597675	6.59897700883448	0.309984641278755
-1.36261973014306	-4.58657120741199	4.56630994332954	2.04230355020080
0.837462290489287	-2.12226581044126	9.41910033579916	-1.46092078809235
0.382688597576976	-0.317513067237331	0.347125821281225	-1.08267383911864
0.284802537156024	-0.940140561504543	1.96834785863757	-0.134824041868399
4.54149957561068	2.29888499983147	6.58007843187079	-5.48977420966222
6.24520842191382	2.62764492266561	7.41248945239931	-3.79184195673035
5.86055849313058	1.85776828581985	6.36643469566479	-1.36976834636932
2.74749678286984	1.03819157739498	2.07248116843402	-1.33187221611233
4.69495634584491	0.647519251521625	9.07756737200543	0.981012076670553
2.30623347451293	1.11044738990667	0.190567071549594	1.60240079837676
5.64233561146309	3.75144054693312	6.01545081706718	-1.87488900074756
1.79081801376265	0.962008515896536	0.631958469748497	2.70624313495710
2.63143581756088	0.595648699497109	3.03253784542903	1.19037396534107
5.25610046299671	2.98578765005444	7.41784248966724	-3.03454003089067
5.29091872183444	2.50933571454650	6.63079308578745	-0.843539784647307
6.42486111935165	4.58103997822310	3.22180007584393	-2.39697440241149
6.68221592150154	1.58002425011703	9.13192384643480	1.70736393502687
3.01531702408612	-0.460697291640108	7.90116661693901	2.40220789230876
0.360437078257886	0.188969258072462	1.72374013112858	-1.50247243865126
2.66271427495561	1.92876314512018	0.902446527034044	-2.08798211711952
2.10260854183978	-1.32779781557832	7.16609107097611	1.48136505909201
-3.45326991573404	-4.57846320273295	0.100596235133708	7.21367873457910
1.04691961567344	0.264170279960036	7.30896566295996	-3.12434163514076
-0.866583070051987	-2.97901806674956	8.43081816099584	0.999874307036434
1.77586239846402	-0.500984917568473	9.96011133072898	0.0408657912062063
-0.661368111829089	-0.521487687716987	6.67346138041467	-3.41596646438831
1.58654906659422	2.97391965994295	5.66491444827989	-3.40007598731545
-1.61106485919204	-0.567041751996930	4.08270280808210	3.28940990288796
1.38876524195307	1.76342885145815	3.25230259215459	1.82935399378786
2.94284967849702	3.15689375222216	1.33288585115224	-3.80427491681378
3.13554231340122	0.815371337870356	4.18206891277805	-1.98823510659369
-4.22910295389086	-6.07164250820601	0.617721611633897	2.28785989886949
-3.78904430189669	-5.62195353697607	5.42628464056179	1.35699333234892
0.389598341410202	-1.91965151059591	8.80201084073633	-1.08814799055801
3.96744887515742	2.79356003384446	9.45535636739805	-2.82662259071926
1.34501644681866	-0.327552498958528	9.41812297329307	0.956695568847902
-4.90629942971588	-4.02778243920287	3.50280036916956	4.97020857230933
-2.87893488093844	0.203208223209128	1.14517169538885	2.11580471321264
5.41179500104384	4.17114404147336	9.27694685989991	-0.892926750321538
0.197746220137600	0.161114753592194	2.33265462331474	0.566923307706120
0.953379210111192	-0.604140564190284	4.29755269316956	3.52423076202628
1.34219902077340	-0.438994886515973	6.25727779697627	2.93507675725494
-0.190237487253172	-2.08525784340496	7.68569165142253	4.05629167825693
-0.220544957396131	-0.204496730830816	8.25676381587982	1.17386484099119
-0.786975008760880	1.78408137618003	2.15130708878860	-0.248450318821966
1.79458450792532	1.18630505757789	6.79264557082206	1.90396647837154
2.98266907340153	3.91456507476265	0.729452318046242	-2.25841561480664
4.84057572035539	4.15986240465233	3.98037564940751	-4.47345652935763
6.63178754805067	4.05059832344086	7.13850975735113	-5.63275883823265
0.435075041701614	-2.18162675770369	0.314534618519247	5.08043471582540
1.43097490726713	-0.790062597619421	3.09657047735527	-0.216632237166315
0.256338584590720	-0.991482130483378	1.33449951186776	-0.536303129182161
-1.27886919999791	-1.52375859886043	0.160671414341778	-1.18580285405685
0.513589157950471	-0.848546369999118	3.94663697574288	-1.04410027387084
0.737776887904174	0.304790658112684	8.27272814000025	-0.566830163016185
-2.19026386865203	-3.87678643842333	5.16791365109384	3.93549267845413
-2.47043582944395	-4.76711622254750	3.83076670346782	4.13420291334261
2.41268667437848	-2.51976104797447	9.30776949506253	3.89786507539971
7.24729571677201	3.20813510576423	7.37944868626073	1.29710524484593
5.69270149896128	1.66283936365083	9.18517787009478	-2.20774529008367
3.62894717364921	3.07924954406565	0.554899235721678	-3.45125464156765
6.11086770725378	3.31636189605056	6.01101935375482	-2.01751096908938
2.65882675303911	-1.95837756098290	4.35048846760765	4.42983127596374
1.96858121677800	-2.99671646902416	9.17722434736788	4.53090544005632
-2.95307905622473	-3.56648012977294	1.71748225344345	3.82414074087518
-2.57814947036174	-2.84984827924029	4.50859268661588	1.84287487654589
1.34838136902378	-0.224195229554537	7.60236903326586	0.214579578227037
1.86793585119890	2.23157960436965	5.67577658221126	-2.74871177212018
-2.20796960902951	-3.18801387011233	4.37618491938338	4.33555453622719
5.21368579346003	5.99337404173930	1.56361634377390	-9.04659858470818
-1.12449087307792	-4.28112798942449	0.855299981776625	7.30653447141148
-0.195413761288434	-0.623614737791381	0.562846465036273	1.46222243180900
3.06554517318077	1.29946501398923	4.37289423076436	-1.79773064675272
1.95087354000740	-0.232665142480289	4.13014277350158	-3.35131450790597
1.58560394858171	-3.14490858327197	8.26074243756011	1.88209589020146
-1.44461075719170	-3.63958925623929	4.66655947268009	3.60155920497314
1.02893263147581	-2.20096036492858	7.26694255834445	1.80456126175725
2.69361226925347	-1.77840253813235	9.92260803002864	2.92981480086165
0.0376379927623192	-0.858272398505229	1.49186315247789	3.76285920820284
1.21302159766809	-0.289724008157061	5.87455798871815	0.924941706019165
-1.72451133875104	-2.54371022495830	0.996850810479373	3.60062918527083
-0.507614240973856	-1.00099669148858	5.45599290635437	0.458932374825792
5.24378925783845	4.20075341681206	8.95312923239544	-2.71704855137288
3.35585967389148	-0.100624585867243	9.79623274877667	2.93756578863081
4.72287556500036	3.90192296141632	6.67683722218499	-3.76515372717703
6.10976084534758	4.48142352555844	4.83793719206005	-3.19189634627383
4.41492844869862	2.03458489349788	9.76529348874465	0.464391444114676
4.76329727311952	3.64353556957519	7.50503241084516	-1.96658925350510
2.11499583409964	0.926928239007451	6.43434176919982	0.277332233414052
0.215109866414925	-3.24623953799392	5.09405705612153	7.92862791207687
1.50320164940474	-1.35542623072114	7.68202041508630	3.93718329887407
3.45283595533897	1.66071331074631	7.39210125058889	0.905188905685834
4.03007271782415	-0.236720808148553	9.69481620704755	5.89391248090569
4.81351360204925	1.95330681763830	6.30771555472165	2.11937559683686
2.00908152030516	0.101983022644033	2.59440278867260	-0.154145455184136
5.20158474184215	4.64889338897144	0.662494981661439	-4.66544241789170
5.89917092906140	1.95226248137099	1.82002973509952	0.0644493707809148
8.94895187201878	1.03406898630590	7.35549626406282	3.88248398950815
10.3992957675561	2.59410756179746	9.77961889700964	-1.48009351178492
4.53701517399604	-1.13817441561795	2.50522470101714	3.98127229881807
4.54530557018789	0.596257456398472	1.50614028563723	-1.11419088418821
1.47327501242376	-2.15994049584312	0.519630038179457	1.60613701633982
6.94529107153441	0.527854699998491	9.54998038941994	-1.06759746029672
3.65350026892863	-1.12329187842859	3.46837895922363	1.01373484282897
5.95855860752838	1.08267461780369	5.84778143791482	0.102926073295830
1.56247888704538	-1.37196964056118	0.758624891750515	-0.318214361655415
-2.19987015507432	-5.15177617297960	2.45862075360492	1.98057998029346
-1.19650126226494	-6.99107031282016	8.07057395577431	7.58457302578628
1.70401075080855	-0.113789490809211	4.47441495722160	0.499800411848332
1.85672285754924	-3.38697928715974	7.91734900791198	7.21233332405885
3.52654610159741	0.599246911767890	7.71807441720739	2.05588390507003
-1.13362782028689	-1.39793398692667	0.179981859400868	0.395130132115500
5.27517569807240	1.69964522866367	6.66519895894453	0.799512955280108
2.61246078019330	-0.151845801250387	2.65781687106937	3.14252456400933
4.33873097335901	0.640645835035223	4.98799647437409	-1.16345079429903
3.57009065442529	-1.54897548738176	7.19218725338578	0.332040806099700
5.44610176727261	2.01931292185385	7.84862169763073	-2.38197079269215
2.57084579416634	-0.640079797984087	9.39192852471024	0.353827578656213
0.647867862430184	0.120259626381052	2.18827303731814	-1.47646209868963
2.47518882951104	-0.447639968902329	7.53812170587480	-0.424882942505339
2.83930817740948	1.40149991502262	4.39315098104999	-0.954264743647206
-0.140460778486787	-1.47791279280984	1.99741195421666	2.25695097728664
2.73463847053166	0.777066177139050	4.49377221288160	-0.438133495366845
6.72965411680888	1.60329070505340	8.55332646518946	2.95450829988677
9.66014770627718	5.15646108673357	8.09514920925722	-3.87726860627722
5.37671709939982	0.708190855343968	0.598218594677746	4.07055574170719
8.53793226561180	3.98796417791145	2.16698570409790	-2.12455371273107
4.78184604192763	-1.10056346760915	4.23979328013957	1.30664535959087
5.00493371907587	1.40432557758068	4.27030403865501	-1.46487215120804
0.942618031269634	-2.37334860627478	0.190621963702142	0.365228590226735
2.96307844378645	-0.808477194827085	7.38481103675440	-3.74614679249675
-1.94122523452664	-4.51015207102718	4.95163334533572	0.0766047809299736
3.05425656865071	-1.49334616871908	9.85482467105612	0.203186280753471
1.48371822329911	0.889047908656758	4.39626941923052	-1.01867775021121
3.97013732366634	3.79286825025079	2.71572441095486	-1.75615130729148
0.788344749424742	-0.0802039877316236	3.53582437150180	1.17626398652517
-0.330661695537841	0.432964848296726	0.422653767745942	-1.28920869586813
1.35086732870541	1.56348404566557	0.123437042348087	1.69985455188730
2.98844753219350	0.186149955272225	6.40359417768195	2.38087002416768
1.66456663682253	-0.135701869163648	4.95928578078747	0.559613338916716
0.809703272467220	-2.94375298588907	7.52494498854503	6.56281232219316
-1.20635022083529	-0.0122713922925735	1.41773764509708	1.20724313790047
2.07354209907883	2.91157840979733	2.11438494035974	-0.331598483442811
8.19389886160762	6.65918832042397	8.95353202708066	-6.16890352433607
1.28786646779621	2.97806026623095	0.258056155871600	-4.36028438333756
2.86924343160185	1.12101525786708	3.28353190328926	-2.73777037172313
0.712335269264353	-0.305961385954450	3.30200228141621	-1.37535478280492
6.31122670867160	2.78494295299031	7.70815404132009	-2.74614549403027
4.84575864470100	0.967289276672063	7.46630804380402	0.468849055800751
5.00412308750654	0.471383210025036	8.75729261431843	1.43902666099755
3.91200507387887	0.412640833932424	4.84952811384574	0.907882758404715
4.58154562215702	3.51084895429915	3.14437880180776	-4.28054481103031
5.18425146572661	0.0976901826666455	9.48575879214332	1.32260916810397
4.26670389935051	1.40534951840653	5.01417207997292	-2.98233295520700
5.36863648564493	2.44285100064128	7.14209665777162	-5.16933010901473
0.433599768149452	-2.01279373411657	0.799957029521465	2.26070529606691
1.76376472988620	-0.703265033143869	0.835243945475668	1.69832712631407
5.51902332110468	0.154194788394969	6.78902261424810	1.78010072870588
3.16648902349798	0.317797778219525	0.227661042008549	0.659985661715279
6.92098803885235	2.31677709885203	9.85662900842726	-4.53356938047167
5.09351221086514	0.754628312066969	7.76093211723492	-2.02853223040051
7.15263879642564	2.61325964154986	7.89312017615885	0.653567854185790
4.92175168506201	1.59353293307341	8.22190053062514	-2.74754536232471
1.92609274928535	0.982466057123857	1.34141853079200	1.02068474261922
1.62301579904023	-1.50636647280838	7.04064627876505	3.03928099383415
-2.99109904795590	-3.28231325243339	4.10784112755209	-0.445969386606854
-3.15038720115518	-4.73798375209791	6.61351837450638	5.05026456375705
2.96442143176267	1.92922598066162	9.03300496749580	-1.57207689926019
2.03252960667724	2.77950098876495	4.95420067338273	-2.99444244136314
-0.838554999910002	1.19564313450598	3.23654211591929	-1.07313929007781
3.10385588628888	1.32376999993873	7.62618028791621	0.316201830878023
-1.20485072582903	-0.974571412811628	0.104423463344574	3.99734603172470
4.42688317551778	0.805218881317118	7.82600335543975	3.51813086539841
2.34483221213178	3.09952043709562	0.595893082208931	-1.17432372926091
2.10854193552605	0.834146699617842	1.29334355005994	-0.213608325432627
1.60133926406629	-0.615026816291425	5.03334325738251	0.651600656768255
7.27739032322411	4.80664753572568	8.04617435438559	-6.94408918939370
-1.15254596996784	-3.49516552681036	0.727913393639028	3.10796325846864
-1.42856400877054	-2.08521100522948	2.40222673164681	-0.0941692480402691
3.41994322026120	0.916307764475630	8.81117412820458	-3.56655761601308
1.13290943607701	1.12418794238941	1.97642946382985	-3.02220289040040
3.92473778632533	-0.506405747438388	8.61396110150963	2.11136471497265
4.01310803297056	-0.269698757022110	5.96317004645243	1.14461169772826
5.12806848234598	0.932353421585379	7.98225096426904	-0.0884947960648430
7.16441227966087	2.97074464002635	8.64697965560481	-1.50122158005840
3.87386756797373	-0.973847028411474	6.17192532401532	5.45834025117652
3.34713531717386	-0.577621173020424	6.36063632788137	0.346780869392841
1.99534438570899	2.30736706691376	0.544346459209919	-3.48147650211924
3.03224333090050	1.42346792155449	0.650696118827909	0.826817504498607
2.80543981481276	1.11025844554538	2.31787175405771	-0.411982541709727
3.69063106810487	0.125503914182974	7.84210263052955	-1.32658529601827
4.45174738594128	1.86804212671743	8.24176193214953	-3.37845754092565
1.06084085491278	0.669408084326041	1.14079092396423	0.255607146064505
3.67163148530643	1.05444125850058	7.37339129205793	1.45507943592876
3.81277519221582	3.78254519206989	6.50109245674685	-4.38310794296800
2.63082863188291	1.03766996729239	3.28224627301097	1.51017929664062
1.01004507462816	-0.273178192550874	3.33826331188902	-2.35340389750000e-06
0.941049294190396	-0.310787686484879	5.09990180376917	1.09665443106728
6.63645366055893	5.65966442346127	6.41059860819951	-5.98835450476425
5.77818102770068	2.82691159138461	4.00899301283062	-0.0145579919356227
5.14629742160557	3.75127214214861	1.45536160795018	-2.42817287919117
9.01402617611331	6.36501982597038	8.14115300308913	-4.65003878206275
3.31183816806916	0.422248407609922	5.06314666243270	0.836165542498586
5.41319158315068	0.864105302852599	6.55896551907063	-0.898775986601089
3.74355479541577	1.04365700198085	4.44131076103076	-2.84523318363717
2.23549060159413	0.648214049272857	5.15518445987254	-3.34511416200950
2.74308655032739	0.958692508254845	5.77374907443300	1.02704654063528
-1.50298567594064	-1.23181599286666	2.03880031593144	0.888480588118289
1.14069661532918	3.15051456089461	6.45655550761148	-5.48860999489593
-2.09219400592674	0.680802202651063	0.416986732743681	-0.256768614517607
2.75795847284036	2.26311452165259	7.20199990319088	1.07175845418702
3.48459848146927	2.88017493251704	1.24953852966428	-2.53594922533346
-1.67102033505160	-3.88109919214241	0.481769160833210	7.16851309761680
3.72733946776259	-1.44942575292974	9.17311562690884	2.20562932382744
2.10399939058509	-1.64732595509029	2.64956016326323	3.51148992586384
1.21925608488480	-0.844166053112498	1.49143545888364	1.97763709254270
1.30599089624320	-1.28404569728895	3.96787802455947	2.80819321741460
1.71228090370444	-1.59951377592616	4.52950957696885	3.75564216059065
0.387765303083797	-0.472489652379645	4.28928380133584	0.666236497489100
0.799791533815428	-1.51007863242857	2.48009826987982	4.28628944010951
3.61005529971394	1.65891449938965	7.93335143243894	-0.0173041215695615
1.94625300327061	2.39022373335586	4.15376015473157	-2.36780615320109
3.92893397412098	2.97544987585435	9.98223429778591	-1.17282576612396
-1.04600386840627	0.528144286201039	0.905201816931367	2.46496914184807
4.17674633239438	3.82496327471452	3.41500741196796	-1.30981794969052
5.63297475480445	2.88328964123815	7.57308570202440	1.77095572671968
3.44012277159271	1.11109465081715	2.83884189324453	3.75305294693066
3.43888672452675	-1.16665502745934	5.66303258761764	7.23682013385296
2.82042184299150	-0.606040929845134	1.67858397355303	4.05590045462281
6.03586048245907	1.85606384931696	7.34925808850676	-0.459212190376137
9.64122996912977	4.57860869242400	6.18045144015923	-4.70271137065509
9.77824885893820	2.17026991263207	8.29411077313125	-1.15537899874452
7.56333700676086	1.45836960974725	7.09532602457330	0.0349710053870307
4.02294091868899	-2.09379284734737	9.91173259448260	1.14499446749490
4.11484113968527	-1.15716496663920	9.05751087935641	-0.246217260019924
4.34705031524007	1.96863727336817	5.65714046359062	-2.53244297201413
2.96562889852704	-0.808026046877419	4.09083790844306	1.04024915843599
0.808263431978413	-3.08116136772756	4.33023091871291	3.17230589263064
4.52967429934528	0.102194119309272	9.98065034160391	2.16501961368608
2.19594909316537	-0.450964077072294	4.37053796835244	2.15498776584687
1.73568934302900	-1.40407125211252	2.07245156867430	2.78370003743789
6.93162032041946	2.36486421680601	9.80802731122822	-2.37766316713095
4.25711167582403	-0.375084113072907	9.02090187417343	0.997084820207781
4.47163990884789	-0.614873478708630	9.05278826132417	1.96348827886113
2.58139000221525	-0.952667066915050	4.74136033793911	3.50411428362981
6.00952907615541	2.48663485392369	5.17718783114106	-0.904037310170475
0.874940949349781	0.626205541539673	0.935309792403132	-1.34218530933996
1.50988692688177	-2.55972213324180	8.89287955127657	6.40719241096012
2.10217218116326	1.88830703137906	2.69576835213229	-0.985034389028097
3.67756945639160	2.07852489311003	6.17701272945851	-1.00216848357342
1.29686076651351	-1.15463148992143	4.47418165626004	2.21667291990083
5.31287667820617	2.37870820678765	9.58206597715616	-5.21365623946337
1.81342723046427	1.47326885993669	0.731305589433760	-2.47280126098533
4.95219793997160	3.00847341170381	8.79693195689470	-1.88465635194251
2.13552293326037	1.10568851549282	5.52622987190262	1.19027526736640
1.80993129605389	3.30046843354454	0.138208428397775	-5.07904128199297
-0.194892668223289	0.517287397913453	3.74495853437111	-4.81798709119715
3.69651958191878	0.709466865920837	9.46510379668325	-3.35469323480041
-0.794518536497933	-0.681418566023093	4.25785391824320	-1.93122648432297
1.13547647819158	-0.659938947347171	6.65394349023700	2.10110457729115
4.22754669219886	2.47044534315542	7.64876646688208	-1.45898140673397
3.83211588419414	2.87197401865616	5.36396662238985	-2.76574201353789
3.16436344889348	0.797860169632693	8.90281319851056	-1.87546759191669
-0.0163610657516386	-1.65963731724254	7.49993051402271	0.660932574486641
1.70573863247464	2.47562816308230	4.19953337637708	-5.05909773635209
-0.561664496004290	0.146687123808272	0.653993780724704	-0.178968962203559
0.773991857420442	1.66655575225832	1.35854051681235	0.491207586887743
2.92408813854038	1.50396209367141	7.01442681252956	2.63263166852652
1.70527841024903	2.07908253329001	1.15080550080165	-0.133465186118627
2.96458250768470	-0.316900584268668	6.88690159935504	6.85969069910683
4.41094095939120	4.34475815954627	2.24534617969766	0.725641295512735
7.64578312619739	6.56364328370936	7.21044098027051	-5.20842088563721
3.20950013443077	2.82766542985497	1.63336449069902	-3.38975102620072
3.69439143266520	2.67862379477360	8.38956051971763	-3.60713621359984
-0.580402853095971	-1.39475199038935	5.58476272271946	-0.735820847052058
5.39601200086304	2.62430590552469	9.53171433880925	-1.82643631140111
6.66494452692798	4.74882354312017	9.17048619827256	-4.78893262804370
2.84767150580219	2.32775187522304	5.89985935483128	-6.01417717122567
0.709164000645594	-0.816170911856236	5.75328026199713	0.468288356878178
-4.37050988411100	-4.95243481122646	1.18878050707281	3.64583649065413
3.68091874719790	2.61696621628194	7.23421509144828	-4.51413694432099
0.0703661902429431	-0.672028253338878	4.23577267210931	2.39221979811642
-1.11745979934832	0.588148963580789	1.86772247077897	-1.22549606444112
-2.08213525616266	-0.990654002469138	3.10635309666395	1.76254919957300
0.675180783318381	2.36478329538560	4.74890429293737	-3.03983217161936
-1.51539291603830	-2.98204846914813	2.27888130117208	7.01840663169738
2.07146059157076	-1.66295026970989	7.25851318100467	3.19521115342556
2.71195709859015	-1.98836249652267	9.01329153217375	2.98480089495210
-1.73696984662075	-2.11219336723500	1.44827124429867	0.356512080142321
-2.02118649223693	-2.47608618945957	6.05359596665949	-0.977238928397211
-3.60094260296706	-1.27651535078280	4.18708360986784	-1.37570574548523
0.800187071692077	0.629626342686413	7.70639499649406	0.0787213254777001
0.679224170506568	-0.307148808793823	9.49221899500117	0.0279409073011591
-0.0608954655598093	-1.79477285720871	8.18333404604346	2.90538382631963
2.17110089675818	1.41385988494926	6.46367021137849	-0.485549564610399
1.31571723786250	0.515077318470913	3.01927450112999	2.47979832320423
-1.19960603818367	-1.29478399976083	0.249673116486520	4.23059119826561
3.29128159761795	-0.360372490517874	9.50489945244044	1.04633643108059
0.992499913192037	-1.15766060378628	5.12175315292552	2.46842912489082
4.45888686644640	1.87955619500302	8.52755308151245	-2.44419571190462
3.64839925094576	0.815409770088114	7.65368424123153	-2.81868756033486
-2.95696051945926	-3.80875014643887	1.12231564242393	3.82798008505812
0.262674579998140	0.0980428526759579	4.80538541683927	-0.135706949465884
-1.61430055085602	-5.07741956783948	6.52164411731064	7.57588980486977
0.661348491769474	-1.71459442935219	2.03504622681066	4.84309869931971
5.29834005505919	0.655098776804045	7.68136174883694	-0.323468490834334
4.62425131868382	1.67192123336048	1.02566252695397	0.919873441553460
4.43473167480376	-0.186037127462247	3.27835777774453	4.61309661296305
2.65329519744063	0.343536887887365	0.840679944958538	-0.836587300548672
6.05697580878871	2.96976023753462	5.14606183860451	-8.74694414057296
0.592688446489595	-0.390651336645329	0.942582900170237	-3.44593578952209
2.73484796111766	0.598167037265503	5.16258559189737	-1.60382600386641
1.45863083964444	-0.756960455839020	5.14303269563243	-0.222529221861101
3.50826032657981	-0.0530707975594870	8.85837729554623	0.105623799691771
5.24298279204077	3.85356022734837	2.82854882301763	-4.53770254565362
