7.09000000000000	0.495000000000000
6.25000000000000	0.490000000000000
6.23000000000000	0.485000000000000
6.89000000000000	0.480000000000000
8.87000000000000	0.475000000000000
10.3900000000000	0.470000000000000
11.2300000000000	0.465000000000000
10.6700000000000	0.460000000000000
10.5800000000000	0.455000000000000
9.55000000000000	0.450000000000000
9.78000000000000	0.445000000000000
9.97000000000000	0.440000000000000
10.5400000000000	0.440800000000000
11.3200000000000	0.441700000000000
10.7400000000000	0.442500000000000
10.9200000000000	0.443300000000000
9.81000000000000	0.444200000000000
9.94000000000000	0.445000000000000
9.47000000000000	0.445800000000000
9.10000000000000	0.446700000000000
8.88000000000000	0.447500000000000
8.95000000000000	0.448300000000000
9.20000000000000	0.449200000000000
9.26000000000000	0.450000000000000
9.26000000000000	0.450000000000000
8.98000000000000	0.450000000000000
8.41000000000000	0.450000000000000
9.04000000000000	0.446667000000000
9.75000000000000	0.443333000000000
10.1200000000000	0.440000000000000
10.6500000000000	0.440000000000000
11.3700000000000	0.440000000000000
11.6100000000000	0.440000000000000
11.9200000000000	0.450000000000000
13.0400000000000	0.460000000000000
13.0400000000000	0.470000000000000
13.7600000000000	0.480000000000000
14.5500000000000	0.490000000000000
14.8600000000000	0.500000000000000
14.8800000000000	0.516667000000000
14.0900000000000	0.533333000000000
14.6900000000000	0.550000000000000
15.5600000000000	0.570000000000000
15.8700000000000	0.590000000000000
16.0500000000000	0.610000000000000
16.8900000000000	0.646667000000000
17.3600000000000	0.683333000000000
17.0600000000000	0.720000000000000
17.5900000000000	0.730000000000000
18.1100000000000	0.740000000000000
18.0900000000000	0.750000000000000
17.0100000000000	0.780000000000000
16.2500000000000	0.810000000000000
15.6400000000000	0.840000000000000
16.5700000000000	0.816667000000000
16.7400000000000	0.793333000000000
14.3700000000000	0.770000000000000
12.2800000000000	0.780000000000000
11.2000000000000	0.790000000000000
11.0200000000000	0.800000000000000
11.3100000000000	0.793333000000000
11.0400000000000	0.786667000000000
10.3100000000000	0.780000000000000
9.89000000000000	0.766667000000000
9.98000000000000	0.753333000000000
10.2100000000000	0.740000000000000
12.2400000000000	0.713333000000000
12.3100000000000	0.686667000000000
11.7500000000000	0.660000000000000
13.0600000000000	0.610000000000000
13.0700000000000	0.560000000000000
12.6900000000000	0.510000000000000
12.5000000000000	0.513333000000000
12.4000000000000	0.516667000000000
12.3900000000000	0.520000000000000
10.8300000000000	0.523333000000000
11.2300000000000	0.526667000000000
11.4300000000000	0.530000000000000
11.7100000000000	0.540000000000000
11.5400000000000	0.550000000000000
12.7700000000000	0.560000000000000
12.9000000000000	0.580000000000000
12.6700000000000	0.600000000000000
12.3700000000000	0.620000000000000
12.3000000000000	0.623333000000000
12.2200000000000	0.626667000000000
12.1500000000000	0.630000000000000
12.2700000000000	0.636667000000000
10.5800000000000	0.643333000000000
9.67000000000000	0.650000000000000
9.99000000000000	0.656667000000000
10.2000000000000	0.663333000000000
10.6300000000000	0.670000000000000
10.7300000000000	0.670000000000000
10.9800000000000	0.670000000000000
10.5300000000000	0.670000000000000
10.5500000000000	0.673333000000000
9.89000000000000	0.676667000000000
9.95000000000000	0.680000000000000
9.64000000000000	0.683333000000000
9.43000000000000	0.686667000000000
9.76000000000000	0.690000000000000
10.2600000000000	0.693333000000000
10.2100000000000	0.696667000000000
10.2400000000000	0.700000000000000
9.83000000000000	0.703333000000000
9.37000000000000	0.706667000000000
8.76000000000000	0.710000000000000
8.93000000000000	0.703333000000000
8.65000000000000	0.696667000000000
8.18000000000000	0.690000000000000
7.84000000000000	0.680000000000000
7.93000000000000	0.670000000000000
8.33000000000000	0.660000000000000
8.64000000000000	0.646667000000000
8.59000000000000	0.633333000000000
8.68000000000000	0.620000000000000
9.32000000000000	0.610000000000000
9.47000000000000	0.600000000000000
9.52000000000000	0.590000000000000
10.0900000000000	0.590000000000000
10.6900000000000	0.590000000000000
11.0700000000000	0.590000000000000
11.4400000000000	0.590000000000000
11.8900000000000	0.590000000000000
12.1000000000000	0.590000000000000
12.3500000000000	0.593333000000000
11.7400000000000	0.596667000000000
11.9900000000000	0.600000000000000
11.8800000000000	0.603333000000000
11.3300000000000	0.606667000000000
11.4800000000000	0.610000000000000
11.8500000000000	0.613333000000000
11.7700000000000	0.616667000000000
12.1000000000000	0.620000000000000
11.8900000000000	0.623333000000000
12.1000000000000	0.626667000000000
12.6700000000000	0.630000000000000
13	0.633333000000000
12.8100000000000	0.636667000000000
12.6000000000000	0.640000000000000
12.9100000000000	0.640000000000000
12.8200000000000	0.640000000000000
13.1000000000000	0.640000000000000
13.4900000000000	0.643333000000000
13.9400000000000	0.646667000000000
13.9300000000000	0.650000000000000
14.2800000000000	0.650000000000000
14.8200000000000	0.650000000000000
15.0900000000000	0.650000000000000
14.7800000000000	0.653333000000000
14.8300000000000	0.656667000000000
15.8400000000000	0.660000000000000
16.5000000000000	0.660000000000000
17.0400000000000	0.660000000000000
17.3300000000000	0.660000000000000
18.0200000000000	0.666667000000000
18.0700000000000	0.673333000000000
17.5300000000000	0.680000000000000
18.6600000000000	0.680000000000000
18.7000000000000	0.680000000000000
18.5800000000000	0.680000000000000
18.0500000000000	0.683333000000000
17.7000000000000	0.686667000000000
15.0900000000000	0.690000000000000
14.7500000000000	0.696667000000000
14.6900000000000	0.703333000000000
15.1300000000000	0.710000000000000
15.2100000000000	0.713333000000000
15.8000000000000	0.716667000000000
15.1600000000000	0.720000000000000
14.6000000000000	0.733333000000000
14.3400000000000	0.746667000000000
14.8400000000000	0.760000000000000
15.7700000000000	0.770000000000000
15.4600000000000	0.780000000000000
15.0600000000000	0.790000000000000
15.4500000000000	0.806667000000000
15.2700000000000	0.823333000000000
15.0300000000000	0.840000000000000
14.8300000000000	0.843333000000000
14.1000000000000	0.846667000000000
14.3000000000000	0.850000000000000
15.4000000000000	0.850000000000000
16.1500000000000	0.850000000000000
16.8200000000000	0.850000000000000
16.4200000000000	0.856667000000000
15.9400000000000	0.863333000000000
15.7600000000000	0.870000000000000
16.1900000000000	0.890000000000000
15.2900000000000	0.910000000000000
15.1900000000000	0.930000000000000
15.3600000000000	0.946667000000000
14.7700000000000	0.963333000000000
14.9100000000000	0.980000000000000
14.8900000000000	0.993333000000000
14.7800000000000	1.00667000000000
13.9700000000000	1.02000000000000
14.7600000000000	1.02667000000000
15.2900000000000	1.03333000000000
15.4900000000000	1.04000000000000
15.8900000000000	1.07333000000000
16.1100000000000	1.10667000000000
16.5400000000000	1.14000000000000
16.8800000000000	1.15000000000000
17.2100000000000	1.16000000000000
17.3500000000000	1.17000000000000
17.8400000000000	1.18000000000000
18.4400000000000	1.19000000000000
18.7400000000000	1.20000000000000
17.3800000000000	1.24333000000000
18.4300000000000	1.28667000000000
19.0800000000000	1.33000000000000
19.8700000000000	1.37667000000000
19.8300000000000	1.42333000000000
19.7500000000000	1.47000000000000
21.2100000000000	1.48667000000000
22	1.50333000000000
21.6300000000000	1.52000000000000
21.9200000000000	1.53333000000000
21.9300000000000	1.54667000000000
21.5500000000000	1.56000000000000
21.9300000000000	1.54667000000000
22.8900000000000	1.53333000000000
23.4800000000000	1.52000000000000
23.3600000000000	1.48333000000000
22.7100000000000	1.44667000000000
23.4100000000000	1.41000000000000
24.1900000000000	1.41333000000000
23.7500000000000	1.41667000000000
23.8100000000000	1.42000000000000
23.7400000000000	1.43000000000000
23.7300000000000	1.44000000000000
24.3800000000000	1.45000000000000
25.0800000000000	1.45000000000000
25.1800000000000	1.45000000000000
24.7800000000000	1.45000000000000
24.2600000000000	1.43667000000000
25.0300000000000	1.42333000000000
26.0400000000000	1.41000000000000
26.1800000000000	1.41000000000000
25.8600000000000	1.41000000000000
25.9900000000000	1.41000000000000
24.7100000000000	1.41333000000000
24.8400000000000	1.41667000000000
23.9500000000000	1.42000000000000
24.2900000000000	1.42000000000000
24.3900000000000	1.42000000000000
23.2700000000000	1.42000000000000
23.9700000000000	1.43000000000000
24.5000000000000	1.44000000000000
24.8300000000000	1.45000000000000
25.4600000000000	1.45667000000000
26.0200000000000	1.46333000000000
26.5700000000000	1.47000000000000
27.6300000000000	1.46333000000000
28.7300000000000	1.45667000000000
28.9600000000000	1.45000000000000
30.1300000000000	1.45667000000000
30.7300000000000	1.46333000000000
31.4500000000000	1.47000000000000
32.1800000000000	1.49333000000000
33.4400000000000	1.51667000000000
34.9700000000000	1.54000000000000
35.6000000000000	1.54667000000000
36.7900000000000	1.55333000000000
36.5000000000000	1.56000000000000
37.7600000000000	1.56333000000000
37.6000000000000	1.56667000000000
39.7800000000000	1.57000000000000
42.6900000000000	1.58667000000000
42.4300000000000	1.60333000000000
44.3400000000000	1.62000000000000
42.1100000000000	1.62667000000000
44.9500000000000	1.63333000000000
45.3700000000000	1.64000000000000
44.1500000000000	1.67000000000000
44.4300000000000	1.70000000000000
47.4900000000000	1.73000000000000
48.0500000000000	1.75333000000000
46.5400000000000	1.77667000000000
46.2700000000000	1.80000000000000
48.7800000000000	1.81333000000000
48.4900000000000	1.82667000000000
46.8400000000000	1.84000000000000
46.2400000000000	1.80667000000000
45.7600000000000	1.77333000000000
46.4400000000000	1.74000000000000
45.4300000000000	1.73667000000000
43.4700000000000	1.73333000000000
44.0300000000000	1.73000000000000
45.0500000000000	1.73000000000000
46.7800000000000	1.73000000000000
47.5500000000000	1.73000000000000
48.5100000000000	1.74000000000000
45.8400000000000	1.75000000000000
43.9800000000000	1.76000000000000
41.2400000000000	1.77000000000000
40.3500000000000	1.78000000000000
40.3300000000000	1.79000000000000
41.1200000000000	1.78333000000000
41.2600000000000	1.77667000000000
42.1100000000000	1.77000000000000
42.3400000000000	1.75667000000000
43.7000000000000	1.74333000000000
44.7500000000000	1.73000000000000
45.9800000000000	1.73000000000000
47.7000000000000	1.73000000000000
48.9600000000000	1.73000000000000
50.9500000000000	1.73667000000000
52.5000000000000	1.74333000000000
53.4900000000000	1.75000000000000
55.6200000000000	1.75667000000000
54.7700000000000	1.76333000000000
56.1600000000000	1.77000000000000
57.1000000000000	1.77667000000000
57.9600000000000	1.78333000000000
57.4600000000000	1.79000000000000
59.7400000000000	1.79667000000000
59.4000000000000	1.80333000000000
57.0500000000000	1.81000000000000
57	1.81667000000000
57.2300000000000	1.82333000000000
59.0600000000000	1.83000000000000
58.0300000000000	1.86667000000000
55.7800000000000	1.90333000000000
55.0200000000000	1.94000000000000
55.7300000000000	1.94333000000000
55.2200000000000	1.94667000000000
57.2600000000000	1.95000000000000
55.8400000000000	1.95000000000000
56.5100000000000	1.95000000000000
54.8100000000000	1.95000000000000
53.7300000000000	1.95000000000000
55.4700000000000	1.95000000000000
56.8000000000000	1.95000000000000
59.7200000000000	1.94667000000000
62.1700000000000	1.94333000000000
64.1200000000000	1.94000000000000
65.8300000000000	1.94000000000000
66.5000000000000	1.94000000000000
65.6200000000000	1.94000000000000
65.4400000000000	1.94667000000000
67.7900000000000	1.95333000000000
67.2600000000000	1.96000000000000
68	1.98000000000000
71.0800000000000	2
71.7400000000000	2.02000000000000
69.0700000000000	2.02667000000000
70.2200000000000	2.03333000000000
70.2900000000000	2.04000000000000
68.0500000000000	2.04667000000000
62.9900000000000	2.05333000000000
55.6300000000000	2.06000000000000
56.9700000000000	2.06667000000000
58.5200000000000	2.07333000000000
58	2.08000000000000
56.1700000000000	2.09667000000000
60.0400000000000	2.11333000000000
62.6400000000000	2.13000000000000
65.0600000000000	2.13667000000000
65.9200000000000	2.14333000000000
65.6700000000000	2.15000000000000
68.7600000000000	2.16667000000000
70.1400000000000	2.18333000000000
70.1100000000000	2.20000000000000
69.0700000000000	2.20333000000000
70.9800000000000	2.20667000000000
72.8500000000000	2.21000000000000
73.0300000000000	2.23333000000000
72.6200000000000	2.25667000000000
74.1700000000000	2.28000000000000
76.4500000000000	2.29667000000000
77.3900000000000	2.31333000000000
78.8000000000000	2.33000000000000
79.9400000000000	2.34667000000000
80.7200000000000	2.36333000000000
80.2400000000000	2.38000000000000
83.2200000000000	2.40000000000000
82	2.42000000000000
83.4100000000000	2.44000000000000
84.8500000000000	2.46000000000000
85.4400000000000	2.48000000000000
83.9600000000000	2.50000000000000
86.1200000000000	2.51667000000000
86.7500000000000	2.53333000000000
86.8300000000000	2.55000000000000
87.9700000000000	2.57000000000000
89.2800000000000	2.59000000000000
85.0400000000000	2.61000000000000
84.9100000000000	2.62667000000000
86.4900000000000	2.64333000000000
89.3800000000000	2.66000000000000
91.3900000000000	2.68000000000000
92.1500000000000	2.70000000000000
91.7300000000000	2.72000000000000
93.3200000000000	2.74000000000000
92.6900000000000	2.76000000000000
88.8800000000000	2.78000000000000
91.6000000000000	2.79667000000000
86.7800000000000	2.81333000000000
86.0600000000000	2.83000000000000
85.8400000000000	2.85000000000000
80.6500000000000	2.87000000000000
77.8100000000000	2.89000000000000
77.1300000000000	2.88333000000000
80.9900000000000	2.87667000000000
81.3300000000000	2.87000000000000
84.4500000000000	2.88000000000000
87.3600000000000	2.89000000000000
89.4200000000000	2.90000000000000
90.9600000000000	2.90000000000000
92.5900000000000	2.90000000000000
91.4300000000000	2.90000000000000
93.0100000000000	2.90667000000000
94.4900000000000	2.91333000000000
95.8100000000000	2.92000000000000
95.6600000000000	2.92000000000000
92.6600000000000	2.92000000000000
95.3000000000000	2.92000000000000
95.0400000000000	2.93000000000000
90.7500000000000	2.94000000000000
89.0900000000000	2.95000000000000
95.6700000000000	2.96333000000000
97.8700000000000	2.97667000000000
100.500000000000	2.99000000000000
100.300000000000	3.00333000000000
98.1100000000000	3.01667000000000
101.300000000000	3.03000000000000
103.800000000000	3.04333000000000
105.400000000000	3.05667000000000
106.500000000000	3.07000000000000
102	3.08000000000000
101.500000000000	3.09000000000000
99.3000000000000	3.10000000000000
101.300000000000	3.11000000000000
104.600000000000	3.12000000000000
99.1400000000000	3.13000000000000
94.7100000000000	3.13667000000000
94.1800000000000	3.14333000000000
94.5100000000000	3.15000000000000
95.5200000000000	3.15333000000000
96.2100000000000	3.15667000000000
91.1100000000000	3.16000000000000
90.3100000000000	3.16333000000000
87.1600000000000	3.16667000000000
88.6500000000000	3.17000000000000
85.9500000000000	3.17333000000000
76.0600000000000	3.17667000000000
75.5900000000000	3.18000000000000
75.7200000000000	3.18333000000000
77.9200000000000	3.18667000000000
82.5800000000000	3.19000000000000
84.3700000000000	3.17333000000000
84.2800000000000	3.15667000000000
90.0500000000000	3.14000000000000
93.4900000000000	3.13000000000000
97.1100000000000	3.12000000000000
99.6000000000000	3.11000000000000
103	3.10667000000000
101.600000000000	3.10333000000000
99.7200000000000	3.10000000000000
99	3.09667000000000
97.2400000000000	3.09333000000000
99.4000000000000	3.09000000000000
97.2900000000000	3.08333000000000
92.7800000000000	3.07667000000000
99.1700000000000	3.07000000000000
103.300000000000	3.07000000000000
105.200000000000	3.07000000000000
107.700000000000	3.07000000000000
108.800000000000	3.07000000000000
107.700000000000	3.07000000000000
108	3.07000000000000
107.200000000000	3.07333000000000
111	3.07667000000000
109.400000000000	3.08000000000000
109.600000000000	3.10333000000000
115.100000000000	3.12667000000000
117.500000000000	3.15000000000000
118.400000000000	3.15667000000000
114.200000000000	3.16333000000000
112.400000000000	3.17000000000000
110.300000000000	3.18667000000000
107.200000000000	3.20333000000000
104.800000000000	3.22000000000000
105.800000000000	3.23667000000000
103.800000000000	3.25333000000000
105.600000000000	3.27000000000000
109.800000000000	3.30667000000000
102	3.34333000000000
94.7800000000000	3.38000000000000
96.1100000000000	3.40000000000000
93.4500000000000	3.42000000000000
97.4400000000000	3.44000000000000
92.4600000000000	3.46000000000000
89.6700000000000	3.48000000000000
89.7900000000000	3.50000000000000
79.3100000000000	3.53000000000000
76.0300000000000	3.56000000000000
68.1200000000000	3.59000000000000
69.4400000000000	3.59333000000000
71.7400000000000	3.59667000000000
67.0700000000000	3.60000000000000
72.5600000000000	3.62333000000000
80.1000000000000	3.64667000000000
83.7800000000000	3.67000000000000
84.7200000000000	3.68333000000000
90.1000000000000	3.69667000000000
92.4000000000000	3.71000000000000
92.4900000000000	3.71000000000000
85.7100000000000	3.71000000000000
84.6700000000000	3.71000000000000
88.5700000000000	3.70000000000000
90.0700000000000	3.69000000000000
88.7000000000000	3.68000000000000
96.8600000000000	3.68333000000000
100.600000000000	3.68667000000000
101.100000000000	3.69000000000000
101.900000000000	3.71333000000000
101.200000000000	3.73667000000000
101.800000000000	3.76000000000000
104.200000000000	3.79000000000000
103.300000000000	3.82000000000000
105.500000000000	3.85000000000000
101.900000000000	3.91667000000000
101.200000000000	3.98333000000000
104.700000000000	4.05000000000000
103.800000000000	4.09667000000000
101	4.14333000000000
100.600000000000	4.19000000000000
99.0500000000000	4.24667000000000
98.7600000000000	4.30333000000000
99.2900000000000	4.36000000000000
100.200000000000	4.40667000000000
97.7500000000000	4.45333000000000
96.2300000000000	4.50000000000000
93.7400000000000	4.55667000000000
94.2800000000000	4.61333000000000
93.8200000000000	4.67000000000000
90.2500000000000	4.71333000000000
88.9800000000000	4.75667000000000
88.8200000000000	4.80000000000000
92.7100000000000	4.83667000000000
97.4100000000000	4.87333000000000
97.6600000000000	4.91000000000000
97.1900000000000	4.94667000000000
103.900000000000	4.98333000000000
103.900000000000	5.02000000000000
100.600000000000	5.03667000000000
94.7100000000000	5.05333000000000
96.1100000000000	5.07000000000000
99.7100000000000	5.11333000000000
98.2300000000000	5.15667000000000
100.100000000000	5.20000000000000
102.100000000000	5.24667000000000
99.7300000000000	5.29333000000000
101.700000000000	5.34000000000000
102.700000000000	5.39667000000000
107.400000000000	5.45333000000000
108.600000000000	5.51000000000000
104.500000000000	5.55667000000000
103.700000000000	5.60333000000000
107.800000000000	5.65000000000000
110.900000000000	5.70000000000000
115.300000000000	5.75000000000000
104.700000000000	5.80000000000000
103	5.84667000000000
107.700000000000	5.89333000000000
114.600000000000	5.94000000000000
119.800000000000	5.98333000000000
123.500000000000	6.02667000000000
126.500000000000	6.07000000000000
130.200000000000	6.10000000000000
135.700000000000	6.13000000000000
133.500000000000	6.16000000000000
133	6.20000000000000
128.400000000000	6.24000000000000
133.200000000000	6.28000000000000
134.400000000000	6.31667000000000
131.700000000000	6.35333000000000
132.300000000000	6.39000000000000
129.100000000000	6.43333000000000
129.600000000000	6.47667000000000
118.300000000000	6.52000000000000
119.800000000000	6.55667000000000
122.900000000000	6.59333000000000
123.800000000000	6.63000000000000
117.300000000000	6.66000000000000
114.500000000000	6.69000000000000
110.800000000000	6.72000000000000
116.300000000000	6.75000000000000
116.400000000000	6.78000000000000
109.700000000000	6.81000000000000
109.400000000000	6.82333000000000
109.700000000000	6.83667000000000
122.400000000000	6.85000000000000
132.700000000000	6.85667000000000
138.100000000000	6.86333000000000
139.400000000000	6.87000000000000
144.300000000000	6.88333000000000
146.800000000000	6.89667000000000
151.900000000000	6.91000000000000
157.700000000000	6.92000000000000
164.100000000000	6.93000000000000
166.400000000000	6.94000000000000
167	6.96000000000000
162.400000000000	6.98000000000000
167.200000000000	7
167.700000000000	7.03000000000000
165.200000000000	7.06000000000000
164.400000000000	7.09000000000000
166.400000000000	7.12000000000000
157.300000000000	7.15000000000000
157.400000000000	7.18000000000000
157.600000000000	7.22333000000000
156.600000000000	7.26667000000000
153.100000000000	7.31000000000000
151.100000000000	7.33333000000000
164.400000000000	7.35667000000000
166.100000000000	7.38000000000000
164.800000000000	7.43000000000000
166.300000000000	7.48000000000000
164.500000000000	7.53000000000000
171.600000000000	7.57333000000000
180.900000000000	7.61667000000000
179.400000000000	7.66000000000000
180.600000000000	7.68667000000000
184.900000000000	7.71333000000000
188.900000000000	7.74000000000000
192.500000000000	7.77333000000000
188.300000000000	7.80667000000000
184.100000000000	7.84000000000000
186.200000000000	7.86000000000000
197.500000000000	7.88000000000000
207.300000000000	7.90000000000000
208.200000000000	7.94000000000000
219.400000000000	7.98000000000000
232.300000000000	8.02000000000000
238	8.04667000000000
238.500000000000	8.07333000000000
245.300000000000	8.10000000000000
240.200000000000	8.14333000000000
245	8.18667000000000
238.300000000000	8.23000000000000
237.400000000000	8.24667000000000
245.100000000000	8.26333000000000
248.600000000000	8.28000000000000
264.500000000000	8.30000000000000
280.900000000000	8.32000000000000
292.500000000000	8.34000000000000
289.300000000000	8.40000000000000
289.100000000000	8.46000000000000
301.400000000000	8.52000000000000
310.100000000000	8.56667000000000
329.400000000000	8.61333000000000
318.700000000000	8.66000000000000
280.200000000000	8.71000000000000
245	8.76000000000000
241	8.81000000000000
250.500000000000	8.85667000000000
258.100000000000	8.90333000000000
265.700000000000	8.95000000000000
262.600000000000	9.04333000000000
256.100000000000	9.13667000000000
270.700000000000	9.23000000000000
269.100000000000	9.30667000000000
263.700000000000	9.38333000000000
268	9.46000000000000
277.400000000000	9.55000000000000
271	9.64000000000000
276.500000000000	9.73000000000000
285.400000000000	9.81333000000000
294	9.89667000000000
292.700000000000	9.98000000000000
302.300000000000	10.0867000000000
313.900000000000	10.1933000000000
323.700000000000	10.3000000000000
331.900000000000	10.4233000000000
346.600000000000	10.5467000000000
347.300000000000	10.6700000000000
347.400000000000	10.7967000000000
340.200000000000	10.9233000000000
348.600000000000	11.0500000000000
339.970000000000	11.1400000000000
330.450000000000	11.2300000000000
338.460000000000	11.3200000000000
338.180000000000	11.4367000000000
350.250000000000	11.5533000000000
360.390000000000	11.6700000000000
360.030000000000	11.7267000000000
330.750000000000	11.7833000000000
315.410000000000	11.8400000000000
307.120000000000	11.9267000000000
315.290000000000	12.0133000000000
328.750000000000	12.1000000000000
