p_hedge	p_market
1000	848.180000000000
1000.54000000000	858.480000000000
1001.21000000000	880.900000000000
1003.15000000000	876.450000000000
1005	878.850000000000
1006.27000000000	879.930000000000
1008.13000000000	878.290000000000
1009.33000000000	865.990000000000
1009.56000000000	871.580000000000
1010.93000000000	868.300000000000
1012.35000000000	885.230000000000
1012.97000000000	890.810000000000
1016.28000000000	879.910000000000
1016.26000000000	893.580000000000
1016.26000000000	893.580000000000
1013.68000000000	892.010000000000
1012.66000000000	911.370000000000
1012.31000000000	919.020000000000
1016.05000000000	911.430000000000
1016.27000000000	898.810000000000
1019.03000000000	914.840000000000
1015.76000000000	917.840000000000
1018.14000000000	916.920000000000
1019.92000000000	916.290000000000
1019.39000000000	930.080000000000
1018.11000000000	926.550000000000
1019.17000000000	934.390000000000
1020.71000000000	929.620000000000
1023.62000000000	920.270000000000
1022.63000000000	933.410000000000
1021.36000000000	945.110000000000
1025.09000000000	942.300000000000
1026.65000000000	939.280000000000
1025.34000000000	946.670000000000
1026.51000000000	944.300000000000
1030.48000000000	920.770000000000
1031.34000000000	919.730000000000
1031.33000000000	923.420000000000
1028.76000000000	931.870000000000
1028.05000000000	933.220000000000
1028.05000000000	933.220000000000
1026.94000000000	951.480000000000
1027.43000000000	953.220000000000
1035.55000000000	949.640000000000
1034.64000000000	963.590000000000
1036.72000000000	967
1037.68000000000	971.560000000000
1038.67000000000	986.240000000000
1029.04000000000	990.140000000000
1037.38000000000	987.760000000000
1037.40000000000	975.930000000000
1031.14000000000	984.840000000000
1030.34000000000	997.480000000000
1027.73000000000	998.510000000000
1028.54000000000	988.610000000000
1026.83000000000	1010.74000000000
1026.29000000000	1011.66000000000
1022.87000000000	1010.09000000000
1023.57000000000	994.700000000000
1021.77000000000	995.690000000000
1022.32000000000	981.640000000000
1020.60000000000	983.450000000000
1024.23000000000	975.320000000000
1022.96000000000	985.820000000000
1019.92000000000	976.220000000000
1019.61000000000	974.500000000000
1018.04000000000	982.320000000000
1011.33000000000	993.750000000000
1012.61000000000	985.700000000000
1012.61000000000	985.700000000000
1011.49000000000	1004.42000000000
1010.07000000000	1007.84000000000
1009.23000000000	1002.21000000000
1004.86000000000	988.700000000000
1005.55000000000	998.140000000000
1002.34000000000	1003.86000000000
1008.64000000000	1000.42000000000
1006.68000000000	994
1003.29000000000	981.730000000000
1003.13000000000	993.320000000000
1004.49000000000	978.800000000000
1001.64000000000	988.110000000000
1000.26000000000	988.610000000000
1002.06000000000	981.600000000000
999.730000000000	998.680000000000
1003.53000000000	996.520000000000
1002.95000000000	989.280000000000
996.560000000000	987.490000000000
996.600000000000	990.310000000000
992.120000000000	980.150000000000
991.390000000000	982.820000000000
990.940000000000	965.460000000000
988.250000000000	967.080000000000
982.500000000000	974.120000000000
980	977.590000000000
977.770000000000	980.590000000000
974.900000000000	990.350000000000
973.980000000000	984.030000000000
972.850000000000	990.510000000000
971.030000000000	990.670000000000
972.310000000000	999.740000000000
970.420000000000	1002.35000000000
969.610000000000	1000.30000000000
970.480000000000	1003.27000000000
971.170000000000	993.060000000000
972.880000000000	993.710000000000
971.200000000000	996.730000000000
974.930000000000	996.790000000000
972.560000000000	1002.84000000000
971.220000000000	1008.01000000000
971.220000000000	1008.01000000000
975.660000000000	1021.99000000000
972.770000000000	1026.27000000000
972.400000000000	1027.97000000000
970.480000000000	1021.39000000000
972.640000000000	1031.64000000000
972.120000000000	1023.17000000000
975.270000000000	1010.92000000000
973.490000000000	1016.42000000000
972.280000000000	1018.63000000000
974.510000000000	1014.81000000000
973.900000000000	1029.32000000000
976.650000000000	1025.97000000000
978.110000000000	1039.58000000000
980.480000000000	1036.30000000000
980.170000000000	1022.82000000000
981.020000000000	1029.03000000000
982.390000000000	1009.38000000000
983.830000000000	1003.27000000000
984.070000000000	996.850000000000
983.310000000000	1006.58000000000
984.170000000000	995.970000000000
985.150000000000	1018.22000000000
987.850000000000	1020.24000000000
990.300000000000	1029.85000000000
989.130000000000	1034.35000000000
990.270000000000	1039.25000000000
992.480000000000	1033.78000000000
989.790000000000	1038.73000000000
994.350000000000	1038.06000000000
993.670000000000	1045.35000000000
993.730000000000	1049.48000000000
997.310000000000	1046.76000000000
1001.15000000000	1050.07000000000
1003.69000000000	1039.32000000000
1004.32000000000	1044.68000000000
1002.52000000000	1046.03000000000
1005.24000000000	1030.36000000000
1005.77000000000	1033.77000000000
1004.23000000000	1028.91000000000
1005.24000000000	1031.13000000000
1005.15000000000	1046.79000000000
1007.59000000000	1048.11000000000
1009.41000000000	1046.94000000000
1011.27000000000	1050.71000000000
1011.34000000000	1059.02000000000
1010.28000000000	1053.25000000000
1007.33000000000	1051.81000000000
1008.56000000000	1058.05000000000
1009.82000000000	1053.21000000000
1011.47000000000	1047.11000000000
1013.05000000000	1046.57000000000
1009.46000000000	1058.56000000000
1011.56000000000	1058.41000000000
1012.55000000000	1050.35000000000
1012.15000000000	1043.63000000000
1015.06000000000	1034.15000000000
1014.79000000000	1042.44000000000
1017.81000000000	1033.65000000000
1017.15000000000	1035.28000000000
1012.94000000000	1052.08000000000
1017.19000000000	1053.89000000000
1017.94000000000	1058.45000000000
1017.94000000000	1058.45000000000
1017.84000000000	1058.20000000000
1018.57000000000	1070.12000000000
1020.65000000000	1066.62000000000
1018.66000000000	1064.73000000000
1021.36000000000	1069.72000000000
1020.55000000000	1061.50000000000
1020.35000000000	1069.30000000000
1018.84000000000	1060.18000000000
1021.17000000000	1059.05000000000
1022.09000000000	1071.21000000000
1019.99000000000	1074.14000000000
1021.59000000000	1068.04000000000
1023.29000000000	1075.13000000000
1021.39000000000	1076.48000000000
1023.97000000000	1089.18000000000
1024.27000000000	1088.66000000000
1023.72000000000	1092.94000000000
1023.91000000000	1096.02000000000
1025.60000000000	1094.04000000000
1025.60000000000	1094.04000000000
1026.54000000000	1095.89000000000
1024.57000000000	1109.48000000000
1024.86000000000	1109.64000000000
1025.10000000000	1111.92000000000
1025.10000000000	1111.92000000000
1021.28000000000	1108.48000000000
1024.73000000000	1122.22000000000
1029.68000000000	1123.67000000000
1030.38000000000	1126.33000000000
1030.09000000000	1131.92000000000
1033.82000000000	1121.86000000000
1033.28000000000	1127.23000000000
1032.39000000000	1121.22000000000
1029.77000000000	1130.52000000000
1033.28000000000	1132.05000000000
1033	1139.83000000000
1033	1139.83000000000
1034.69000000000	1138.77000000000
1033.75000000000	1147.62000000000
1037.04000000000	1143.94000000000
1036.25000000000	1141.55000000000
1034.79000000000	1155.37000000000
1035.75000000000	1144.05000000000
1037.55000000000	1128.48000000000
1036.61000000000	1134.11000000000
1037.88000000000	1131.13000000000
1036.21000000000	1135.26000000000
1037.19000000000	1136.03000000000
1035.38000000000	1126.52000000000
1033.07000000000	1128.59000000000
1029.97000000000	1142.76000000000
1029.53000000000	1139.81000000000
1027.42000000000	1145.54000000000
1028.46000000000	1157.76000000000
1029.90000000000	1152.11000000000
1033.22000000000	1145.81000000000
1033.22000000000	1145.81000000000
1030.75000000000	1156.99000000000
1032.02000000000	1151.82000000000
1033.59000000000	1147.06000000000
1033.25000000000	1144.11000000000
1032.57000000000	1140.99000000000
1030.77000000000	1139.09000000000
1029.02000000000	1143.67000000000
1029.01000000000	1144.91000000000
1030.81000000000	1144.94000000000
1029.27000000000	1155.96000000000
1030.97000000000	1149.10000000000
1030.76000000000	1151.04000000000
1032.83000000000	1154.88000000000
1033.61000000000	1156.87000000000
1033.27000000000	1147.21000000000
1032.95000000000	1140.58000000000
1032.10000000000	1123.89000000000
1033.29000000000	1106.78000000000
1032.28000000000	1120.57000000000
1032.56000000000	1104.49000000000
1033.98000000000	1110.70000000000
1032.67000000000	1123.75000000000
1034.71000000000	1122.32000000000
1033.39000000000	1109.78000000000
1034.33000000000	1095.40000000000
1032.31000000000	1093.95000000000
1032.33000000000	1091.33000000000
1035.04000000000	1109.19000000000
1034.09000000000	1108.06000000000
1033.79000000000	1122.47000000000
1034.08000000000	1127
1036.49000000000	1126.21000000000
1033.94000000000	1132.17000000000
1032.49000000000	1141.81000000000
1034.57000000000	1150.57000000000
1035.86000000000	1148.16000000000
1034.45000000000	1140.53000000000
1035.90000000000	1139.32000000000
1035.90000000000	1139.32000000000
1034.28000000000	1145.20000000000
1033.73000000000	1129.44000000000
1033.37000000000	1128.17000000000
1035.68000000000	1128.84000000000
1035.88000000000	1134.61000000000
1034.39000000000	1135.82000000000
1036.27000000000	1118.15000000000
1034.07000000000	1124.09000000000
1035.40000000000	1139.93000000000
1032.72000000000	1140.60000000000
1033.26000000000	1135.53000000000
1033.83000000000	1138.11000000000
1033.46000000000	1122.41000000000
1034.90000000000	1113.89000000000
1036.15000000000	1107.30000000000
1036.12000000000	1117.49000000000
1034.05000000000	1119.55000000000
1033.63000000000	1121.53000000000
1033.74000000000	1113.99000000000
1031.45000000000	1098.70000000000
1032.56000000000	1087.12000000000
1029.99000000000	1095.45000000000
1028.77000000000	1097.28000000000
1025.90000000000	1096.44000000000
1024.18000000000	1095.70000000000
1022.38000000000	1084.10000000000
1021.12000000000	1091.49000000000
1021.94000000000	1088.68000000000
1021.93000000000	1089.19000000000
1019.75000000000	1093.56000000000
1018.71000000000	1095.41000000000
1017.55000000000	1113.05000000000
1021.51000000000	1114.94000000000
1019.65000000000	1121.28000000000
1019.66000000000	1120.68000000000
1019.66000000000	1120.68000000000
1018.62000000000	1121.20000000000
1017.50000000000	1124.99000000000
1019.03000000000	1116.64000000000
1017.29000000000	1122.50000000000
1017.72000000000	1140.42000000000
1014.89000000000	1142.18000000000
1013.07000000000	1131.33000000000
1012.40000000000	1136.47000000000
1012.40000000000	1136.47000000000
1012.02000000000	1125.29000000000
1015.04000000000	1132.01000000000
1011.85000000000	1133.56000000000
1011.31000000000	1132.05000000000
1012.24000000000	1135.02000000000
1012.06000000000	1130.30000000000
1011.91000000000	1134.41000000000
1014.05000000000	1144.06000000000
1013.45000000000	1140.65000000000
1012.35000000000	1134.43000000000
1010.11000000000	1133.35000000000
1012.69000000000	1136.20000000000
1012.63000000000	1140.84000000000
1012.77000000000	1128.94000000000
1010.95000000000	1125.38000000000
1010.95000000000	1125.38000000000
1011.33000000000	1116.21000000000
1009.80000000000	1118.33000000000
1008.46000000000	1109.11000000000
1007.99000000000	1112.81000000000
1008.34000000000	1114.35000000000
1007.16000000000	1115.14000000000
1008.36000000000	1111.47000000000
1010.96000000000	1106.69000000000
1014.93000000000	1101.39000000000
1014.61000000000	1100.90000000000
1014.29000000000	1108.67000000000
1016.86000000000	1093.88000000000
1018.87000000000	1096.84000000000
1019.70000000000	1086.20000000000
1018.16000000000	1084.07000000000
1015.76000000000	1094.83000000000
1017.16000000000	1095.42000000000
1020.85000000000	1100.43000000000
1019.36000000000	1101.72000000000
1018.57000000000	1106.62000000000
1018.77000000000	1099.69000000000
1017.62000000000	1098.63000000000
1020.89000000000	1080.70000000000
1023.05000000000	1063.97000000000
1019.39000000000	1065.22000000000
1017.67000000000	1079.04000000000
1018.05000000000	1075.79000000000
1020.98000000000	1063.23000000000
1020.79000000000	1064.80000000000
1017.95000000000	1079.34000000000
1018.06000000000	1081.71000000000
1015.04000000000	1095.17000000000
1018.74000000000	1091.23000000000
1020.36000000000	1098.35000000000
1019.44000000000	1095.68000000000
1020.13000000000	1096.19000000000
1019.59000000000	1104.96000000000
1022.26000000000	1105.09000000000
1023.78000000000	1107.77000000000
1022.90000000000	1099.15000000000
1025.04000000000	1104.24000000000
1025.72000000000	1105.91000000000
1024.24000000000	1118.31000000000
1023.02000000000	1113.63000000000
1023.02000000000	1113.63000000000
1024.94000000000	1121.30000000000
1024.59000000000	1116.27000000000
1024.03000000000	1118.38000000000
1024.26000000000	1123.92000000000
1025	1125.82000000000
1025.43000000000	1128.33000000000
1023.51000000000	1120.37000000000
1024.79000000000	1123.50000000000
1023.15000000000	1128.55000000000
1025.09000000000	1122.20000000000
1022.47000000000	1129.30000000000
1022.82000000000	1113.56000000000
1021.08000000000	1108.36000000000
1022.56000000000	1110.11000000000
1022.97000000000	1103.52000000000
1020.47000000000	1110.06000000000
1019.96000000000	1114.80000000000
1021.43000000000	1114.58000000000
1020.99000000000	1131.50000000000
1020.35000000000	1135.17000000000
1022.12000000000	1134.48000000000
1021.54000000000	1142.05000000000
1020.19000000000	1130.65000000000
1021.86000000000	1122.14000000000
1019.92000000000	1124.39000000000
1019.80000000000	1121.84000000000
1019.75000000000	1113.65000000000
1017.46000000000	1103.29000000000
1015.59000000000	1108.20000000000
1017.31000000000	1114.02000000000
1017.33000000000	1103.23000000000
1017.27000000000	1103.66000000000
1016.03000000000	1106.49000000000
1016.42000000000	1095.74000000000
1016.65000000000	1094.81000000000
1016.43000000000	1111.09000000000
1014.89000000000	1125.40000000000
1016.11000000000	1127.44000000000
1015.22000000000	1130.20000000000
1013.91000000000	1130.51000000000
1016.03000000000	1130.54000000000
1016	1143.20000000000
1013.95000000000	1161.67000000000
1015.05000000000	1166.17000000000
1015.68000000000	1164.89000000000
1017.25000000000	1164.08000000000
1016.21000000000	1162.91000000000
1014.75000000000	1173.48000000000
1013.87000000000	1184.17000000000
1012.87000000000	1183.81000000000
1012.82000000000	1175.43000000000
1013.64000000000	1181.94000000000
1016.82000000000	1183.55000000000
1016.29000000000	1170.34000000000
1016.28000000000	1177.24000000000
1017.08000000000	1176.94000000000
1017.64000000000	1181.76000000000
1017.64000000000	1181.76000000000
1016.49000000000	1182.65000000000
1017.45000000000	1178.57000000000
1019.44000000000	1173.82000000000
1019.25000000000	1191.37000000000
1019.13000000000	1190.33000000000
1022.29000000000	1191.17000000000
1021.24000000000	1190.25000000000
1022.01000000000	1177.07000000000
1021.07000000000	1182.81000000000
1019.30000000000	1189.24000000000
1021.51000000000	1188
1022.19000000000	1198.68000000000
1022.47000000000	1203.38000000000
1020.93000000000	1205.72000000000
1020.52000000000	1203.21000000000
1020.93000000000	1194.22000000000
1022.50000000000	1194.66000000000
1022.46000000000	1205.45000000000
1019.42000000000	1209.57000000000
1022	1210.13000000000
1022	1210.13000000000
1021.95000000000	1204.92000000000
1022.23000000000	1213.54000000000
1021.60000000000	1213.45000000000
1019.95000000000	1213.55000000000
1023.68000000000	1211.92000000000
1024.63000000000	1202.08000000000
1024.26000000000	1188.05000000000
1026.35000000000	1183.74000000000
1025.42000000000	1187.89000000000
1026.33000000000	1186.19000000000
1024.80000000000	1190.25000000000
1028.58000000000	1182.99000000000
1027.41000000000	1187.70000000000
1024.09000000000	1177.45000000000
1023.82000000000	1184.52000000000
1023.82000000000	1184.52000000000
1022.39000000000	1195.98000000000
1018.02000000000	1184.63000000000
1019.66000000000	1175.41000000000
1018.58000000000	1167.87000000000
1016.06000000000	1163.75000000000
1017.26000000000	1168.41000000000
1019.36000000000	1174.07000000000
1021.63000000000	1174.55000000000
1019.21000000000	1171.36000000000
1012.84000000000	1181.27000000000
1013.64000000000	1189.41000000000
1011.97000000000	1193.19000000000
1011.74000000000	1189.89000000000
1013.84000000000	1203.03000000000
1012.42000000000	1201.72000000000
1011.11000000000	1202.30000000000
1011.27000000000	1191.99000000000
1002.79000000000	1197.01000000000
1006	1205.30000000000
1005.76000000000	1206.14000000000
1007.87000000000	1210.12000000000
1006.40000000000	1210.34000000000
1007.82000000000	1200.75000000000
1006.74000000000	1201.59000000000
1006.74000000000	1201.59000000000
1005.39000000000	1184.16000000000
1005.47000000000	1190.80000000000
1006.46000000000	1200.20000000000
1005.06000000000	1211.37000000000
1006.54000000000	1203.60000000000
1008.27000000000	1210.41000000000
1009.37000000000	1210.08000000000
1009.16000000000	1210.47000000000
1010.09000000000	1222.12000000000
1008.72000000000	1225.31000000000
1008.55000000000	1219.43000000000
1009.29000000000	1207.01000000000
1008.59000000000	1209.25000000000
1007.52000000000	1200.08000000000
1007.06000000000	1206.83000000000
1007.35000000000	1197.75000000000
1006.88000000000	1188.07000000000
1004.58000000000	1190.21000000000
1002.32000000000	1189.65000000000
1004.40000000000	1183.78000000000
1003.81000000000	1171.71000000000
1002.59000000000	1172.53000000000
1001.97000000000	1171.42000000000
1001.97000000000	1171.42000000000
1002.59000000000	1174.28000000000
1001.97000000000	1165.36000000000
999.370000000000	1181.41000000000
991.120000000000	1180.59000000000
989.380000000000	1172.92000000000
981.710000000000	1176.12000000000
982.410000000000	1181.39000000000
982.230000000000	1184.07000000000
984.890000000000	1191.14000000000
985.580000000000	1181.20000000000
985.490000000000	1181.21000000000
983.770000000000	1187.76000000000
982.940000000000	1173.79000000000
983.150000000000	1162.05000000000
981.920000000000	1142.62000000000
974.410000000000	1145.98000000000
968.490000000000	1152.78000000000
970.230000000000	1137.50000000000
970.150000000000	1159.95000000000
970.570000000000	1152.12000000000
972.140000000000	1162.10000000000
966.150000000000	1151.74000000000
965.670000000000	1156.38000000000
960.870000000000	1143.22000000000
956.990000000000	1156.85000000000
957.800000000000	1162.16000000000
957.790000000000	1161.17000000000
955.140000000000	1175.65000000000
957.560000000000	1172.63000000000
953.080000000000	1171.35000000000
954.970000000000	1178.84000000000
959.780000000000	1166.22000000000
952.590000000000	1171.11000000000
946.920000000000	1159.36000000000
947.920000000000	1154.05000000000
944.620000000000	1165.69000000000
943.480000000000	1173.80000000000
939.070000000000	1185.56000000000
933.820000000000	1191.08000000000
933.770000000000	1189.28000000000
934.040000000000	1193.86000000000
935.940000000000	1194.07000000000
938.920000000000	1190.01000000000
935.460000000000	1197.62000000000
941.330000000000	1198.78000000000
941.330000000000	1198.78000000000
938.810000000000	1191.50000000000
935.230000000000	1202.27000000000
932.740000000000	1204.29000000000
934.880000000000	1196.02000000000
937.450000000000	1197.51000000000
935.320000000000	1197.26000000000
936.350000000000	1194.67000000000
935.280000000000	1200.93000000000
936.370000000000	1198.11000000000
934.740000000000	1200.82000000000
935.610000000000	1203.91000000000
935.040000000000	1206.58000000000
932.940000000000	1210.96000000000
936.050000000000	1216.96000000000
937.670000000000	1216.10000000000
941.300000000000	1213.61000000000
942.600000000000	1213.88000000000
938.650000000000	1200.73000000000
941.850000000000	1191.57000000000
941.960000000000	1190.69000000000
937.220000000000	1201.57000000000
937.380000000000	1199.85000000000
938.320000000000	1191.33000000000
934.830000000000	1194.44000000000
934.830000000000	1194.44000000000
937.790000000000	1204.99000000000
940.890000000000	1194.94000000000
941.210000000000	1197.87000000000
939.350000000000	1211.86000000000
942.330000000000	1219.44000000000
943.870000000000	1222.21000000000
946.580000000000	1223.29000000000
946.870000000000	1226.50000000000
949.550000000000	1227.92000000000
947.480000000000	1221.13000000000
947.300000000000	1229.35000000000
946.550000000000	1235.20000000000
948.950000000000	1227.04000000000
949.870000000000	1233.68000000000
948.940000000000	1229.03000000000
949.900000000000	1231.16000000000
948.690000000000	1236.79000000000
951.070000000000	1243.72000000000
949.390000000000	1234.18000000000
950.820000000000	1235.35000000000
949.390000000000	1244.12000000000
950.250000000000	1245.04000000000
951.460000000000	1235.86000000000
950.890000000000	1226.42000000000
951.640000000000	1223.13000000000
951.390000000000	1231.38000000000
949.770000000000	1229.13000000000
948.830000000000	1237.81000000000
948.980000000000	1230.39000000000
946.320000000000	1233.87000000000
949.040000000000	1219.34000000000
947.490000000000	1220.24000000000
951.470000000000	1219.02000000000
950.490000000000	1219.71000000000
950.870000000000	1221.73000000000
951.180000000000	1217.57000000000
951.190000000000	1209.59000000000
948.320000000000	1212.39000000000
949.120000000000	1205.10000000000
948.910000000000	1212.28000000000
949.180000000000	1208.41000000000
948.550000000000	1220.33000000000
950.270000000000	1221.59000000000
948.990000000000	1218.02000000000
948.990000000000	1218.02000000000
949.550000000000	1233.39000000000
948.170000000000	1236.36000000000
952.630000000000	1231.67000000000
949.560000000000	1241.48000000000
948.720000000000	1240.56000000000
951.690000000000	1231.20000000000
949.790000000000	1227.16000000000
953.240000000000	1227.73000000000
953.220000000000	1237.91000000000
956.720000000000	1231.02000000000
957.670000000000	1221.34000000000
958.220000000000	1210.20000000000
959.510000000000	1214.62000000000
957.420000000000	1215.29000000000
960.380000000000	1215.63000000000
960.390000000000	1215.65000000000
959.740000000000	1216.89000000000
959.500000000000	1227.70000000000
960.990000000000	1228.81000000000
959.900000000000	1226.70000000000
963.320000000000	1214.47000000000
964.090000000000	1196.39000000000
963.970000000000	1191.49000000000
963.740000000000	1195.90000000000
960.450000000000	1187.33000000000
960.320000000000	1184.87000000000
958.360000000000	1177.68000000000
956.720000000000	1176.84000000000
957.790000000000	1186.57000000000
958.170000000000	1190.10000000000
958.450000000000	1178.14000000000
962.440000000000	1195.76000000000
962.410000000000	1177.80000000000
960.950000000000	1179.59000000000
958.830000000000	1199.38000000000
959.200000000000	1196.54000000000
958.440000000000	1191.38000000000
959.990000000000	1178.90000000000
958.160000000000	1198.41000000000
960.040000000000	1207.01000000000
959.980000000000	1202.76000000000
959.320000000000	1214.76000000000
957.580000000000	1219.94000000000
959.690000000000	1220.14000000000
958.060000000000	1222.81000000000
958.800000000000	1218.59000000000
955.220000000000	1220.65000000000
955.580000000000	1230.96000000000
955.340000000000	1234.72000000000
954.830000000000	1233.76000000000
955.900000000000	1229.01000000000
953.690000000000	1231.21000000000
951.950000000000	1242.80000000000
952.870000000000	1248.27000000000
954.650000000000	1254.85000000000
954.530000000000	1261.23000000000
953.310000000000	1265.61000000000
953.310000000000	1265.61000000000
955.430000000000	1268.25000000000
955.460000000000	1257.46000000000
953.960000000000	1257.48000000000
956.830000000000	1249.48000000000
954.370000000000	1264.67000000000
955.440000000000	1265.08000000000
957.090000000000	1262.09000000000
959.430000000000	1263.70000000000
957.880000000000	1257.37000000000
957.930000000000	1255.84000000000
955.970000000000	1259.37000000000
956.820000000000	1260.43000000000
959.280000000000	1267.43000000000
960.250000000000	1272.74000000000
960.540000000000	1270.94000000000
961.080000000000	1267.32000000000
958.570000000000	1259.92000000000
959.030000000000	1259.62000000000
960.040000000000	1262.79000000000
960.760000000000	1268.12000000000
964.140000000000	1268.66000000000
964.140000000000	1268.66000000000
965.020000000000	1256.54000000000
964.620000000000	1258.17000000000
962.970000000000	1254.42000000000
965.390000000000	1248.29000000000
965.390000000000	1248.29000000000
965.380000000000	1268.80000000000
965.920000000000	1273.46000000000
967.490000000000	1273.48000000000
967.760000000000	1285.45000000000
970.140000000000	1290.15000000000
971.200000000000	1289.69000000000
970.890000000000	1294.18000000000
975.320000000000	1286.06000000000
974.700000000000	1287.61000000000
974.700000000000	1287.61000000000
975.510000000000	1282.95000000000
973.560000000000	1277.95000000000
971.610000000000	1285.04000000000
975.230000000000	1261.49000000000
973.610000000000	1263.82000000000
972.440000000000	1266.86000000000
973.540000000000	1264.68000000000
975.160000000000	1273.83000000000
976.340000000000	1283.72000000000
976.730000000000	1285.20000000000
979.250000000000	1280.08000000000
981.970000000000	1282.46000000000
982.790000000000	1270.84000000000
983.650000000000	1264.03000000000
982.020000000000	1265.02000000000
984.870000000000	1254.78000000000
985.030000000000	1265.65000000000
981.620000000000	1263.77000000000
981.010000000000	1266.99000000000
977.930000000000	1262.86000000000
979.460000000000	1275.53000000000
978.970000000000	1280
981.760000000000	1289.38000000000
984.380000000000	1287.24000000000
984.380000000000	1287.24000000000
982.860000000000	1283.03000000000
981.640000000000	1292.67000000000
981.610000000000	1287.79000000000
982.420000000000	1289.43000000000
983.440000000000	1294.12000000000
984.790000000000	1280.66000000000
987.670000000000	1291.24000000000
985.880000000000	1289.14000000000
988.490000000000	1287.23000000000
989.800000000000	1278.26000000000
988.970000000000	1275.88000000000
986.810000000000	1278.47000000000
988.260000000000	1272.23000000000
985	1281.58000000000
986.350000000000	1284.13000000000
985.160000000000	1297.48000000000
983.970000000000	1303.02000000000
986.590000000000	1305.33000000000
986.230000000000	1307.25000000000
985.930000000000	1305.10000000000
990.720000000000	1297.25000000000
986.490000000000	1305.04000000000
988.220000000000	1301.67000000000
987.530000000000	1302.95000000000
988.720000000000	1301.61000000000
990.270000000000	1293.23000000000
988.430000000000	1302.89000000000
990.290000000000	1300.25000000000
991.150000000000	1294.83000000000
994.320000000000	1297.81000000000
993.620000000000	1305.93000000000
993.730000000000	1311.56000000000
996.370000000000	1309.04000000000
998.720000000000	1295.50000000000
996.390000000000	1296.60000000000
998.750000000000	1286.57000000000
996.140000000000	1288.12000000000
995.420000000000	1289.12000000000
995.420000000000	1289.12000000000
995.990000000000	1285.33000000000
990.320000000000	1307.65000000000
990.530000000000	1309.93000000000
994.170000000000	1311.46000000000
993.540000000000	1311.28000000000
993.290000000000	1308.11000000000
995.680000000000	1301.74000000000
994.420000000000	1305.41000000000
993.960000000000	1309.72000000000
996.250000000000	1310.61000000000
997.070000000000	1305.19000000000
994.460000000000	1313.21000000000
996.490000000000	1307.85000000000
995.550000000000	1312.25000000000
995.200000000000	1325.76000000000
999.670000000000	1324.66000000000
997.950000000000	1325.14000000000
1000.75000000000	1322.85000000000
1001.78000000000	1305.92000000000
1001.70000000000	1291.24000000000
1002.62000000000	1294.50000000000
1002.02000000000	1292.08000000000
1003.09000000000	1270.32000000000
999.220000000000	1261.81000000000
998.930000000000	1267.03000000000
998.460000000000	1262.07000000000
999.360000000000	1256.58000000000
1001.92000000000	1258.57000000000
1001.31000000000	1272.88000000000
1000.74000000000	1280.16000000000
1000.74000000000	1280.16000000000
1004.31000000000	1259.84000000000
1000.06000000000	1270.09000000000
1001.64000000000	1285.71000000000
1001.70000000000	1288.22000000000
1001.64000000000	1265.29000000000
1001.32000000000	1263.85000000000
1002.58000000000	1256.15000000000
999.490000000000	1257.93000000000
1004.35000000000	1252.30000000000
1005.31000000000	1236.40000000000
1004.36000000000	1223.69000000000
1005.07000000000	1230.04000000000
1007.13000000000	1256.16000000000
1009.98000000000	1251.54000000000
1011.75000000000	1240.14000000000
1009.39000000000	1240.12000000000
1006.93000000000	1252.20000000000
1006.49000000000	1245.60000000000
1006.84000000000	1244.50000000000
1004.83000000000	1250.56000000000
1004.95000000000	1239.20000000000
1004.47000000000	1246
1000.85000000000	1272.87000000000
1000.67000000000	1270.20000000000
1001.65000000000	1280.19000000000
1001.65000000000	1280.19000000000
1005.94000000000	1270.91000000000
1004.33000000000	1274.08000000000
1004.67000000000	1265.48000000000
1006.46000000000	1267.34000000000
1008.22000000000	1272.52000000000
1007.27000000000	1258.60000000000
1010.96000000000	1242.29000000000
1009.93000000000	1236.20000000000
1009.16000000000	1234.49000000000
1010.28000000000	1236.86000000000
1009.76000000000	1259.81000000000
1010.08000000000	1249.13000000000
1011.88000000000	1240.29000000000
1011.32000000000	1260.91000000000
1008.98000000000	1268.88000000000
1010.47000000000	1268.40000000000
1012.72000000000	1263.20000000000
1011.14000000000	1278.55000000000
1012.06000000000	1276.66000000000
1014.17000000000	1270.92000000000
1015.64000000000	1278.55000000000
1015.46000000000	1280.27000000000
1016.80000000000	1279.36000000000
1016.48000000000	1275.77000000000
1017.87000000000	1271.48000000000
1017.52000000000	1265.95000000000
1016.31000000000	1271.81000000000
1017.52000000000	1266.74000000000
1017.61000000000	1268.21000000000
1015.85000000000	1285.58000000000
1015.95000000000	1295.43000000000
1023.03000000000	1297.48000000000
1024	1302.30000000000
1023.53000000000	1297.52000000000
1021.24000000000	1298.82000000000
1020.91000000000	1292.99000000000
1022.19000000000	1296.06000000000
1022.15000000000	1295.09000000000
1022.09000000000	1301.78000000000
1021.47000000000	1304.28000000000
1022.03000000000	1304.27000000000
1024.58000000000	1303.82000000000
1024.66000000000	1311.01000000000
1024.66000000000	1311.01000000000
1026.01000000000	1313.25000000000
1029.74000000000	1300.26000000000
1028.47000000000	1294.02000000000
1027.77000000000	1298.92000000000
1028.12000000000	1299.54000000000
1027.16000000000	1313.11000000000
1026.70000000000	1318.07000000000
1026.17000000000	1316.28000000000
1026.95000000000	1319.87000000000
1025.52000000000	1321.18000000000
1027.40000000000	1318.31000000000
1027.72000000000	1325.18000000000
1029.53000000000	1318.03000000000
1031.32000000000	1314.78000000000
1033.29000000000	1326.37000000000
1033.12000000000	1336.34000000000
1032.72000000000	1336.59000000000
1033.58000000000	1339.15000000000
1035.26000000000	1335.85000000000
1034.77000000000	1331.32000000000
1035.08000000000	1334.11000000000
1031.14000000000	1350.22000000000
1028.49000000000	1353.22000000000
1030.71000000000	1349.58000000000
1032.15000000000	1350.66000000000
1031.15000000000	1353.42000000000
1031.46000000000	1349.95000000000
1034.62000000000	1362.83000000000
1035.40000000000	1365.62000000000
1037.02000000000	1369.05000000000
1036.41000000000	1364.05000000000
1035.57000000000	1365.96000000000
1034.95000000000	1366.96000000000
1034.96000000000	1368.60000000000
1036.45000000000	1377.02000000000
1038.45000000000	1377.38000000000
1038.27000000000	1382.22000000000
1038.23000000000	1389.08000000000
1040.88000000000	1377.34000000000
1040.57000000000	1377.93000000000
1037.62000000000	1377.94000000000
1038.33000000000	1367.81000000000
1037.84000000000	1367.34000000000
1040.64000000000	1364.30000000000
1038.07000000000	1379.78000000000
1039.42000000000	1382.84000000000
1042.20000000000	1385.72000000000
1039.90000000000	1378.33000000000
1040.22000000000	1380.90000000000
1038.99000000000	1384.42000000000
1040.41000000000	1393.22000000000
1042.57000000000	1396.57000000000
1044.32000000000	1399.76000000000
1044.52000000000	1401.20000000000
1044.29000000000	1400.50000000000
1044.82000000000	1402.81000000000
1042.99000000000	1406.09000000000
1042.99000000000	1406.09000000000
1042.64000000000	1400.95000000000
1044.60000000000	1381.90000000000
1040.63000000000	1386.72000000000
1041.74000000000	1399.48000000000
1043.86000000000	1400.63000000000
1042.98000000000	1396.71000000000
1044.01000000000	1409.12000000000
1044.14000000000	1414.76000000000
1047.62000000000	1412.90000000000
1050.58000000000	1407.29000000000
1052.15000000000	1409.84000000000
1049.45000000000	1413.04000000000
1049.03000000000	1411.56000000000
1049.07000000000	1413.21000000000
1050.90000000000	1425.49000000000
1053.61000000000	1427.09000000000
1054.66000000000	1422.48000000000
1052.78000000000	1425.55000000000
1054.68000000000	1423.53000000000
1051.89000000000	1418.30000000000
1052.06000000000	1410.76000000000
1052.06000000000	1410.76000000000
1050.94000000000	1416.90000000000
1051.98000000000	1426.84000000000
1052.70000000000	1424.73000000000
1057.80000000000	1418.30000000000
1057.80000000000	1418.30000000000
1056.24000000000	1418.30000000000
1056.27000000000	1416.60000000000
1053.80000000000	1418.34000000000
1056.47000000000	1409.71000000000
1055.41000000000	1412.84000000000
1056.04000000000	1412.11000000000
1056.64000000000	1414.85000000000
1060.29000000000	1423.82000000000
1062.13000000000	1430.73000000000
1062.13000000000	1430.73000000000
1064.34000000000	1431.90000000000
1063.67000000000	1430.62000000000
1063.02000000000	1426.37000000000
1063.61000000000	1430.50000000000
1064.92000000000	1422.95000000000
1064.42000000000	1427.99000000000
1063.96000000000	1440.13000000000
1066.37000000000	1423.90000000000
1064.94000000000	1422.18000000000
1065.39000000000	1420.62000000000
1064.82000000000	1428.82000000000
1066.76000000000	1438.24000000000
1066.67000000000	1445.94000000000
1069.42000000000	1448.39000000000
1069.40000000000	1446.99000000000
1071.08000000000	1448
1071.14000000000	1450.02000000000
1069.55000000000	1448.31000000000
1071.63000000000	1438.06000000000
1070.82000000000	1433.37000000000
1069.95000000000	1444.26000000000
1068.52000000000	1455.30000000000
1070.79000000000	1456.81000000000
1071.44000000000	1455.54000000000
1071.44000000000	1455.54000000000
1069.88000000000	1459.68000000000
1071.76000000000	1457.63000000000
1074.51000000000	1456.38000000000
1073.82000000000	1451.19000000000
1074.53000000000	1449.37000000000
1080.15000000000	1399.04000000000
1075.46000000000	1406.82000000000
1076.76000000000	1403.17000000000
1078.19000000000	1387.17000000000
1077.73000000000	1374.12000000000
1077.67000000000	1395.41000000000
1078.51000000000	1391.97000000000
1078.42000000000	1401.89000000000
1076.25000000000	1402.85000000000
1078.05000000000	1406.60000000000
1079.86000000000	1377.95000000000
1079.10000000000	1387.17000000000
1076.20000000000	1392.28000000000
1076.30000000000	1386.95000000000
1080.04000000000	1402.06000000000
1079.04000000000	1410.94000000000
1076.24000000000	1435.04000000000
1078.27000000000	1434.54000000000
1078.41000000000	1436.11000000000
1076.71000000000	1437.50000000000
1077.43000000000	1428.61000000000
1078.33000000000	1417.23000000000
1079.05000000000	1422.53000000000
1074.98000000000	1420.86000000000
1075.18000000000	1424.55000000000
1074.11000000000	1437.77000000000
1074.24000000000	1439.37000000000
1077.17000000000	1443.76000000000
1077.17000000000	1443.76000000000
1078.03000000000	1444.61000000000
1079.91000000000	1448.39000000000
1081.51000000000	1438.87000000000
1077.86000000000	1447.80000000000
1077.15000000000	1452.85000000000
1079.32000000000	1468.47000000000
1080.46000000000	1471.48000000000
1079.94000000000	1472.50000000000
1079.25000000000	1470.73000000000
1080.73000000000	1484.35000000000
1080.65000000000	1480.93000000000
1080.38000000000	1480.41000000000
1078.60000000000	1495.42000000000
1079.41000000000	1494.25000000000
1080.56000000000	1494.07000000000
1082.27000000000	1482.37000000000
1082.34000000000	1486.30000000000
1083.05000000000	1495.92000000000
1083.26000000000	1502.39000000000
1082.71000000000	1505.62000000000
1084.96000000000	1509.48000000000
1084.05000000000	1507.72000000000
1085.33000000000	1512.58000000000
1086.69000000000	1491.47000000000
1084.10000000000	1505.85000000000
1085.93000000000	1503.15000000000
1084.91000000000	1501.19000000000
1084.91000000000	1514.14000000000
1088.23000000000	1512.75000000000
1087.85000000000	1522.75000000000
1087.46000000000	1525.10000000000
1088.27000000000	1524.12000000000
1090.70000000000	1522.28000000000
1088.86000000000	1507.51000000000
1087.92000000000	1515.73000000000
1087.92000000000	1515.73000000000
1088.25000000000	1518.11000000000
1086.94000000000	1530.23000000000
1088.33000000000	1530.62000000000
1089.62000000000	1536.34000000000
1089.13000000000	1539.18000000000
1091.73000000000	1530.95000000000
1094.03000000000	1517.38000000000
1093.17000000000	1490.72000000000
1089.98000000000	1507.67000000000
1089.52000000000	1509.12000000000
1089.97000000000	1493
1087.75000000000	1515.67000000000
1088.15000000000	1522.97000000000
1089.19000000000	1532.91000000000
1090.34000000000	1531.05000000000
1089.68000000000	1533.70000000000
1089.86000000000	1512.84000000000
1088.49000000000	1522.19000000000
1089.90000000000	1502.56000000000
1090.84000000000	1497.74000000000
1089.36000000000	1492.89000000000
1085.75000000000	1506.34000000000
1090.11000000000	1505.71000000000
1089.12000000000	1503.35000000000
1087.74000000000	1519.43000000000
1083.44000000000	1524.87000000000
1083.44000000000	1524.87000000000
1083.45000000000	1525.40000000000
1086.51000000000	1530.44000000000
1086.20000000000	1531.85000000000
1084.80000000000	1510.12000000000
1084.02000000000	1518.76000000000
1089.43000000000	1547.70000000000
1091.12000000000	1552.50000000000
1091.40000000000	1549.52000000000
1094.24000000000	1549.37000000000
1092.19000000000	1546.17000000000
1093.54000000000	1553.08000000000
1096.59000000000	1534.10000000000
1096.64000000000	1541.57000000000
1097.70000000000	1511.04000000000
1098.02000000000	1518.09000000000
1097.32000000000	1482.66000000000
1094.49000000000	1458.95000000000
1084.52000000000	1473.91000000000
1081.17000000000	1455.27000000000
1072.53000000000	1465.81000000000
1068.33000000000	1472.20000000000
1066.27000000000	1433.06000000000
1061.09000000000	1467.67000000000
1059.90000000000	1476.71000000000
1060.39000000000	1497.49000000000
1059.14000000000	1453.09000000000
1055.34000000000	1453.64000000000
1053.69000000000	1452.92000000000
1055.56000000000	1426.54000000000
1050.95000000000	1406.70000000000
1041.05000000000	1411.27000000000
1041.29000000000	1445.94000000000
1043.24000000000	1445.55000000000
1046.09000000000	1447.12000000000
1048.23000000000	1464.07000000000
1057.74000000000	1462.50000000000
1057.35000000000	1479.37000000000
1059.14000000000	1466.79000000000
1061.14000000000	1432.36000000000
1060.86000000000	1463.76000000000
1060.39000000000	1457.64000000000
1058.39000000000	1473.99000000000
1058.39000000000	1473.99000000000
1058.83000000000	1489.42000000000
1060.21000000000	1472.29000000000
1059.18000000000	1478.55000000000
1059.85000000000	1453.55000000000
1062.33000000000	1451.70000000000
1062.19000000000	1471.49000000000
1068.05000000000	1471.56000000000
1072.72000000000	1483.95000000000
1073.20000000000	1484.25000000000
1075.50000000000	1476.65000000000
1072.90000000000	1519.78000000000
1080.64000000000	1529.03000000000
1079.32000000000	1518.75000000000
1082.55000000000	1525.75000000000
1080.06000000000	1517.73000000000
1080.26000000000	1517.21000000000
1083.10000000000	1525.42000000000
1086.82000000000	1531.38000000000
1085.47000000000	1526.75000000000
1084.21000000000	1547.04000000000
1085.14000000000	1546.63000000000
1084.25000000000	1539.59000000000
1084.27000000000	1542.84000000000
1085.93000000000	1557.59000000000
1088.96000000000	1552.58000000000
1089.46000000000	1565.15000000000
1092.98000000000	1562.47000000000
1095.69000000000	1554.41000000000
1093.99000000000	1561.80000000000
1091.33000000000	1548.71000000000
1093.21000000000	1538.53000000000
1090.93000000000	1541.24000000000
1091.99000000000	1540.08000000000
1091.57000000000	1500.63000000000
1088.05000000000	1506.33000000000
1085.45000000000	1519.59000000000
1088.38000000000	1515.88000000000
1092.21000000000	1514.40000000000
1096.90000000000	1535.28000000000
1099.14000000000	1540.98000000000
1098.65000000000	1531.02000000000
1101.05000000000	1549.38000000000
1099.61000000000	1508.44000000000
1095.51000000000	1509.65000000000
1093.66000000000	1502.17000000000
1098.02000000000	1520.27000000000
1097.63000000000	1475.62000000000
1094.83000000000	1474.77000000000
1091.48000000000	1453.70000000000
1092.32000000000	1439.18000000000
1093.85000000000	1481.05000000000
1101.31000000000	1470.58000000000
1094.70000000000	1451.15000000000
1092.26000000000	1458.74000000000
1091.59000000000	1433.27000000000
1087.58000000000	1439.70000000000
1077.27000000000	1416.77000000000
1077.27000000000	1416.77000000000
1079.12000000000	1440.70000000000
1077.84000000000	1407.22000000000
1078.25000000000	1428.23000000000
1069.75000000000	1469.02000000000
1066.92000000000	1469.72000000000
1071.01000000000	1481.14000000000
1069.88000000000	1472.42000000000
1066.91000000000	1462.79000000000
1067.81000000000	1485.01000000000
1065.95000000000	1507.34000000000
1073.41000000000	1504.66000000000
1073.58000000000	1515.96000000000
1074.28000000000	1477.65000000000
1073.19000000000	1486.59000000000
1068.10000000000	1488.41000000000
1072.61000000000	1467.95000000000
1067.36000000000	1445.90000000000
1062.74000000000	1454.98000000000
1057.47000000000	1453
1053.55000000000	1460.12000000000
1053.53000000000	1484.46000000000
1055.05000000000	1496.45000000000
1055.05000000000	1496.45000000000
1058.40000000000	1497.66000000000
1060.19000000000	1476.37000000000
1053.85000000000	1478.49000000000
1047.78000000000	1468.35000000000
1047.78000000000	1468.35000000000
1051.83000000000	1447.16000000000
1052.66000000000	1447.16000000000
1051.51000000000	1411.63000000000
1049.87000000000	1416.18000000000
1054.15000000000	1390.19000000000
1043.12000000000	1409.13000000000
1047.04000000000	1420.33000000000
1050.66000000000	1401.02000000000
1046.39000000000	1416.25000000000
1045.96000000000	1380.95000000000
1042.44000000000	1373.20000000000
1046.63000000000	1333.25000000000
1040.91000000000	1325.19000000000
1040.91000000000	1325.19000000000
1038.02000000000	1310.50000000000
1040.56000000000	1338.60000000000
1037.35000000000	1352.07000000000
1041.14000000000	1330.61000000000
1039.93000000000	1353.97000000000
1041.43000000000	1362.30000000000
1045.88000000000	1355.81000000000
1043.23000000000	1378.55000000000
1042.84000000000	1395.42000000000
1047.95000000000	1380.82000000000
1046.66000000000	1336.64000000000
1047.60000000000	1326.45000000000
1048.05000000000	1336.91000000000
1051.05000000000	1331.29000000000
1046.74000000000	1339.13000000000
1048.46000000000	1348.86000000000
1045.46000000000	1367.21000000000
1047.63000000000	1348.86000000000
1043.46000000000	1349.99000000000
1043.46000000000	1349.99000000000
1045.63000000000	1348.78000000000
1041.49000000000	1360.03000000000
1041.09000000000	1342.53000000000
1035.95000000000	1353.11000000000
1032.65000000000	1371.80000000000
1033.83000000000	1381.29000000000
1033.79000000000	1380.02000000000
1030.97000000000	1367.68000000000
1032.06000000000	1330.63000000000
1028.17000000000	1331.34000000000
1025.30000000000	1326.75000000000
1022.92000000000	1333.70000000000
1023.99000000000	1304.34000000000
1020.76000000000	1293.37000000000
1015.54000000000	1273.37000000000
1012.65000000000	1320.65000000000
1009.59000000000	1308.77000000000
999.560000000000	1315.48000000000
996.790000000000	1288.14000000000
989.300000000000	1276.60000000000
985.080000000000	1330.74000000000
989.040000000000	1298.42000000000
985.030000000000	1329.51000000000
985.030000000000	1329.51000000000
982.350000000000	1349.88000000000
992.740000000000	1352.99000000000
993.820000000000	1341.13000000000
993.290000000000	1325.76000000000
991.050000000000	1315.21000000000
985.520000000000	1322.70000000000
984.770000000000	1370.18000000000
987.310000000000	1367.53000000000
984.550000000000	1369.31000000000
981.100000000000	1370.40000000000
986.200000000000	1372.54000000000
986.130000000000	1365.54000000000
986.770000000000	1354.49000000000
987.600000000000	1360.55000000000
985.210000000000	1332.83000000000
982.680000000000	1328.32000000000
981.240000000000	1334.43000000000
979.160000000000	1364.71000000000
969.450000000000	1365.56000000000
969.080000000000	1390.33000000000
973.430000000000	1388.17000000000
970.780000000000	1375.94000000000
966.940000000000	1379.93000000000
967.490000000000	1388.82000000000
968.800000000000	1397.84000000000
971.360000000000	1396.37000000000
968.380000000000	1390.94000000000
977.370000000000	1385.59000000000
976.430000000000	1409.34000000000
981.910000000000	1413.90000000000
981.980000000000	1407.49000000000
979.020000000000	1418.26000000000
984.090000000000	1392.57000000000
980.410000000000	1397.68000000000
978.430000000000	1388.28000000000
980.860000000000	1403.58000000000
981.750000000000	1403.04000000000
984.100000000000	1408.66000000000
985.200000000000	1423.57000000000
986.640000000000	1425.35000000000
990.250000000000	1426.63000000000
987.170000000000	1413.40000000000
990.720000000000	1390.71000000000
993.340000000000	1394.35000000000
994.790000000000	1375.93000000000
994.790000000000	1375.93000000000
994.480000000000	1385.35000000000
990.150000000000	1390.84000000000
993.130000000000	1398.26000000000
995.250000000000	1400.38000000000
997.080000000000	1385.67000000000
993.010000000000	1377.65000000000
993.880000000000	1377.20000000000
988.810000000000	1404.05000000000
993.080000000000	1360.68000000000
997.070000000000	1361.76000000000
995.270000000000	1358.44000000000
995.430000000000	1335.49000000000
991.400000000000	1339.87000000000
989.060000000000	1360.03000000000
988.040000000000	1360.14000000000
990.920000000000	1350.93000000000
990.180000000000	1337.81000000000
987.390000000000	1342.83000000000
990.350000000000	1317.93000000000
992.380000000000	1318
989.680000000000	1314.29000000000
987.660000000000	1321.97000000000
983.650000000000	1283.15000000000
980.490000000000	1278.38000000000
977.650000000000	1280
975.600000000000	1284.91000000000
980.310000000000	1261.52000000000
973.500000000000	1262.90000000000
973.500000000000	1262.90000000000
973.740000000000	1252.31000000000
965.940000000000	1273.70000000000
973.620000000000	1244.69000000000
966.560000000000	1253.39000000000
962.280000000000	1239.49000000000
967.180000000000	1228.30000000000
954.950000000000	1214.91000000000
957	1245.36000000000
964.190000000000	1260.32000000000
964.990000000000	1260.68000000000
960.240000000000	1260
962.200000000000	1277
965.550000000000	1282.19000000000
959.290000000000	1252.54000000000
958.650000000000	1257.76000000000
953.650000000000	1234.37000000000
956.540000000000	1263.20000000000
954.300000000000	1284.26000000000
959.840000000000	1267.38000000000
953	1260.31000000000
949.190000000000	1249.01000000000
945.690000000000	1284.88000000000
949.760000000000	1289.19000000000
945.810000000000	1266.07000000000
943.920000000000	1296.32000000000
949.730000000000	1305.32000000000
948.010000000000	1289.59000000000
942.030000000000	1285.83000000000
943.410000000000	1292.93000000000
952.060000000000	1298.20000000000
950.410000000000	1278.60000000000
946.070000000000	1266.69000000000
943.530000000000	1274.54000000000
938.320000000000	1277.72000000000
945.810000000000	1292.20000000000
946.300000000000	1266.84000000000
941.540000000000	1271.51000000000
936.490000000000	1281.66000000000
940.800000000000	1300.68000000000
948.660000000000	1282.83000000000
948.660000000000	1282.83000000000
945.580000000000	1277.58000000000
937.450000000000	1274.98000000000
948.320000000000	1236.83000000000
941.910000000000	1242.31000000000
935.040000000000	1267.79000000000
934.450000000000	1224.51000000000
931.160000000000	1232.04000000000
924.850000000000	1249.05000000000
921.790000000000	1251.70000000000
916.540000000000	1192.70000000000
902.800000000000	1213.59000000000
894.080000000000	1156.39000000000
869.660000000000	1206.51000000000
884.160000000000	1255.08000000000
876.620000000000	1207.09000000000
864.200000000000	1188.22000000000
863.800000000000	1185.87000000000
846.210000000000	1209.18000000000
839.160000000000	1213.01000000000
818.330000000000	1106.39000000000
791.620000000000	1166.36000000000
785.270000000000	1161.06000000000
776.140000000000	1114.28000000000
756.160000000000	1099.23000000000
721.440000000000	1056.89000000000
707.830000000000	996.230000000000
679.200000000000	984.940000000000
676.360000000000	909.920000000000
632.890000000000	899.220000000000
625.700000000000	1003.35000000000
624.770000000000	998.010000000000
613.390000000000	907.840000000000
582.960000000000	946.430000000000
572.800000000000	940.550000000000
561.410000000000	985.400000000000
563.650000000000	955.050000000000
554.600000000000	896.780000000000
536.650000000000	908.110000000000
531.020000000000	876.770000000000
518.140000000000	848.920000000000
505.340000000000	940.510000000000
515.450000000000	930.090000000000
500.620000000000	954.090000000000
517.060000000000	968.750000000000
521.640000000000	966.300000000000
523.840000000000	1005.75000000000
529.860000000000	952.770000000000
526.420000000000	904.880000000000
526.430000000000	930.990000000000
521.170000000000	919.210000000000
522.290000000000	898.950000000000
525.570000000000	852.300000000000
510.400000000000	911.290000000000
506.530000000000	873.290000000000
497.130000000000	850.750000000000
486.310000000000	859.120000000000
486.070000000000	806.580000000000
484.540000000000	752.440000000000
464.800000000000	800.030000000000
458.590000000000	851.810000000000
456.170000000000	857.390000000000
454.990000000000	887.680000000000
454.990000000000	887.680000000000
462.770000000000	896.240000000000
459.120000000000	816.210000000000
460.470000000000	848.810000000000
459.910000000000	870.740000000000
457.240000000000	845.220000000000
461.340000000000	876.070000000000
458.580000000000	909.700000000000
459.570000000000	888.670000000000
458.730000000000	899.240000000000
459.570000000000	873.590000000000
459.060000000000	879.730000000000
442.060000000000	868.570000000000
435.420000000000	913.180000000000
436.920000000000	904.420000000000
439.710000000000	885.280000000000
442.900000000000	887.880000000000
437.420000000000	871.630000000000
437.300000000000	863.160000000000
437.130000000000	868.150000000000
437.130000000000	868.150000000000
438.090000000000	872.800000000000
438.230000000000	869.420000000000
438.460000000000	890.640000000000
436.180000000000	903.250000000000
436.180000000000	903.250000000000
437.160000000000	931.800000000000
441.630000000000	927.450000000000
443.940000000000	934.700000000000
446.770000000000	906.650000000000
445.460000000000	909.730000000000
447.970000000000	890.350000000000
446.760000000000	870.260000000000
450.840000000000	871.790000000000
451.170000000000	842.620000000000
448.720000000000	843.740000000000
450.020000000000	850.120000000000
450.020000000000	850.120000000000
452.180000000000	805.220000000000
451.440000000000	840.240000000000
452.120000000000	827.500000000000
452.870000000000	831.950000000000
452.880000000000	836.570000000000
454.320000000000	845.710000000000
455.510000000000	874.090000000000
459.770000000000	845.140000000000
461.920000000000	825.880000000000
462.460000000000	825.440000000000
461.560000000000	838.510000000000
463.180000000000	832.230000000000
463.260000000000	845.850000000000
463.320000000000	868.600000000000
463.760000000000	869.890000000000
464.260000000000	827.160000000000
463.720000000000	833.740000000000
463.250000000000	835.190000000000
465.720000000000	826.840000000000
465.720000000000	826.840000000000
464.270000000000	789.170000000000
466.950000000000	788.420000000000
468.720000000000	778.940000000000
468.280000000000	770.050000000000
467.500000000000	743.330000000000
469.480000000000	773.140000000000
470.020000000000	764.900000000000
470.780000000000	752.830000000000
471.850000000000	735.090000000000
471.490000000000	700.820000000000
471.790000000000	696.330000000000
470.780000000000	712.870000000000
471.440000000000	682.550000000000
470.940000000000	683.380000000000
468.960000000000	676.530000000000
471.990000000000	719.600000000000
471.490000000000	721.360000000000
468.950000000000	750.740000000000
469.830000000000	756.550000000000
469.140000000000	753.890000000000
469.810000000000	778.120000000000
469.350000000000	794.350000000000
468.530000000000	784.040000000000
469.830000000000	768.540000000000
468.410000000000	822.920000000000
467.810000000000	806.120000000000
470.700000000000	813.880000000000
472.420000000000	832.860000000000
474.590000000000	815.940000000000
475.350000000000	787.530000000000
477.310000000000	797.870000000000
475.880000000000	811.080000000000
477.450000000000	834.380000000000
478.850000000000	842.500000000000
479.910000000000	835.480000000000
482.360000000000	815.550000000000
482.350000000000	825.160000000000
480.830000000000	856.560000000000
480.830000000000	856.560000000000
481.180000000000	858.730000000000
483.690000000000	841.500000000000
483.620000000000	852.060000000000
486.780000000000	865.300000000000
488.260000000000	869.600000000000
491.310000000000	832.390000000000
491.760000000000	850.080000000000
491.130000000000	843.550000000000
492.050000000000	851.920000000000
493.120000000000	866.230000000000
495.560000000000	857.510000000000
497.300000000000	855.160000000000
496.230000000000	873.640000000000
497.920000000000	872.810000000000
496.860000000000	877.520000000000
495.750000000000	907.240000000000
498.260000000000	903.800000000000
497.760000000000	919.530000000000
505.510000000000	907.390000000000
503.300000000000	929.230000000000
502.520000000000	909.240000000000
501.310000000000	908.350000000000
501.240000000000	883.920000000000
501.980000000000	893.070000000000
505.320000000000	882.880000000000
505.120000000000	909.710000000000
506.910000000000	908.130000000000
506.110000000000	903.470000000000
507.240000000000	888.330000000000
507.670000000000	887
507.670000000000	887
508.170000000000	910.330000000000
509.650000000000	893.060000000000
510.440000000000	906.830000000000
517.710000000000	919.140000000000
515.750000000000	942.870000000000
519.360000000000	944.740000000000
521.690000000000	931.760000000000
519.840000000000	942.460000000000
518.620000000000	940.090000000000
521.590000000000	939.140000000000
522.380000000000	942.430000000000
522.650000000000	939.150000000000
521.550000000000	944.890000000000
521.680000000000	946.210000000000
525.600000000000	923.720000000000
527.160000000000	911.970000000000
525.400000000000	910.710000000000
525.460000000000	918.370000000000
524.710000000000	921.230000000000
525.680000000000	893.040000000000
524.350000000000	895.100000000000
525.110000000000	900.940000000000
524.490000000000	920.260000000000
525.670000000000	918.900000000000
525.840000000000	927.230000000000
525.310000000000	919.320000000000
525.400000000000	923.330000000000
528.380000000000	896.420000000000
528.380000000000	896.420000000000
526.370000000000	898.720000000000
529.560000000000	881.030000000000
530.100000000000	879.560000000000
531.840000000000	882.680000000000
532.240000000000	879.130000000000
532.690000000000	901.050000000000
533.800000000000	905.840000000000
537.780000000000	932.680000000000
542.230000000000	940.740000000000
542.310000000000	940.380000000000
544.780000000000	951.130000000000
545.990000000000	954.580000000000
546.220000000000	954.070000000000
546.860000000000	976.290000000000
546.740000000000	979.260000000000
549.580000000000	982.180000000000
551.260000000000	979.620000000000
554.550000000000	975.150000000000
557.330000000000	986.750000000000
560.690000000000	987.480000000000
563.380000000000	1002.63000000000
563.900000000000	1005.65000000000
566.150000000000	1002.72000000000
569.390000000000	997.080000000000
569.200000000000	1010.48000000000
571.210000000000	1007.10000000000
569.650000000000	994.350000000000
569.800000000000	1005.81000000000
571.560000000000	1012.73000000000
572.770000000000	1004.09000000000
574.330000000000	979.730000000000
574.230000000000	989.670000000000
574.320000000000	996.460000000000
574.910000000000	1007.37000000000
572.020000000000	1026.13000000000
573.400000000000	1025.57000000000
573.940000000000	1028
574.930000000000	1028.12000000000
575.430000000000	1030.98000000000
577.930000000000	1028.93000000000
581.070000000000	1020.62000000000
584.380000000000	998.040000000000
583.190000000000	994.750000000000
580.590000000000	1003.24000000000
581.420000000000	1016.40000000000
581.420000000000	1016.40000000000
579.980000000000	1025.39000000000
580.460000000000	1033.37000000000
580.620000000000	1044.14000000000
582.470000000000	1042.73000000000
582.680000000000	1049.34000000000
583.850000000000	1052.63000000000
588.040000000000	1068.76000000000
589.380000000000	1065.49000000000
589.830000000000	1068.30000000000
592.510000000000	1064.66000000000
591.800000000000	1071.66000000000
595.870000000000	1060.87000000000
596.630000000000	1050.78000000000
597.300000000000	1044.38000000000
597.060000000000	1062.98000000000
595.340000000000	1060.61000000000
598.750000000000	1057.08000000000
602.370000000000	1029.85000000000
601.300000000000	1025.21000000000
598.430000000000	1040.46000000000
599.220000000000	1054.72000000000
599.230000000000	1057.58000000000
600.630000000000	1065.48000000000
601.890000000000	1071.49000000000
600.600000000000	1076.19000000000
601.650000000000	1073.19000000000
602.210000000000	1092.02000000000
604.460000000000	1096.56000000000
605.310000000000	1087.68000000000
605.530000000000	1097.91000000000
605.520000000000	1091.06000000000
609.100000000000	1081.40000000000
606.340000000000	1092.91000000000
609.230000000000	1079.60000000000
611.730000000000	1066.95000000000
611.760000000000	1063.41000000000
613.120000000000	1042.63000000000
608.280000000000	1066.11000000000
612.770000000000	1036.19000000000
612.630000000000	1042.88000000000
609.500000000000	1045.41000000000
610	1046.50000000000
607.540000000000	1066.63000000000
608.390000000000	1069.30000000000
606.190000000000	1093.08000000000
606.330000000000	1093.01000000000
605.510000000000	1098.51000000000
606.640000000000	1087.24000000000
605.690000000000	1093.48000000000
606.420000000000	1109.30000000000
605.510000000000	1110.32000000000
608.730000000000	1109.80000000000
605.940000000000	1094.90000000000
608.140000000000	1091.38000000000
608.080000000000	1106.24000000000
608.690000000000	1105.65000000000
608.220000000000	1110.63000000000
608.220000000000	1110.63000000000
607.900000000000	1091.49000000000
607.020000000000	1095.63000000000
607.200000000000	1108.86000000000
609.020000000000	1109.24000000000
611.980000000000	1099.92000000000
613.190000000000	1105.98000000000
612.560000000000	1103.25000000000
613.400000000000	1091.94000000000
613.310000000000	1095.95000000000
613.130000000000	1102.35000000000
613.610000000000	1106.41000000000
615.660000000000	1114.11000000000
618.110000000000	1107.93000000000
618.110000000000	1109.18000000000
616.870000000000	1096.08000000000
617.540000000000	1102.47000000000
618.360000000000	1114.05000000000
617.430000000000	1118.02000000000
618.260000000000	1120.59000000000
618.600000000000	1126.48000000000
618.600000000000	1126.48000000000
619.010000000000	1127.78000000000
620.510000000000	1126.20000000000
619.620000000000	1126.42000000000
621.370000000000	1115.10000000000
621.370000000000	1115.10000000000
621.080000000000	1132.99000000000
620.800000000000	1136.52000000000
623.280000000000	1137.14000000000
626.260000000000	1141.69000000000
627.230000000000	1144.98000000000
625.390000000000	1146.98000000000
627.090000000000	1136.22000000000
627.950000000000	1145.68000000000
625.380000000000	1148.46000000000
627.090000000000	1136.03000000000
627.090000000000	1136.03000000000
626.410000000000	1150.23000000000
627.200000000000	1138.04000000000
626.560000000000	1116.48000000000
628.810000000000	1091.76000000000
625.320000000000	1096.78000000000
624.850000000000	1092.17000000000
623.560000000000	1097.50000000000
624.720000000000	1084.53000000000
623.260000000000	1073.87000000000
622.920000000000	1089.19000000000
622.190000000000	1103.32000000000
624.360000000000	1097.28000000000
623.950000000000	1063.11000000000
623.300000000000	1066.19000000000
623.870000000000	1056.74000000000
620.940000000000	1070.52000000000
621.540000000000	1068.13000000000
618.590000000000	1078.47000000000
618.940000000000	1075.51000000000
618.940000000000	1075.51000000000
619.940000000000	1094.87000000000
620.690000000000	1099.51000000000
619.830000000000	1106.75000000000
620.290000000000	1109.17000000000
621.190000000000	1108.01000000000
618.310000000000	1094.60000000000
620.610000000000	1105.24000000000
618.810000000000	1102.94000000000
620.140000000000	1104.49000000000
622.800000000000	1115.71000000000
624.240000000000	1118.31000000000
624.630000000000	1118.79000000000
624.500000000000	1122.97000000000
624.450000000000	1138.69000000000
625.550000000000	1138.50000000000
625.780000000000	1140.45000000000
625.720000000000	1145.61000000000
629.720000000000	1150.24000000000
630	1149.99000000000
631.690000000000	1150.51000000000
631.120000000000	1159.46000000000
631.340000000000	1166.21000000000
632.900000000000	1165.83000000000
634.330000000000	1159.90000000000
633.140000000000	1165.81000000000
631.080000000000	1174.17000000000
635.180000000000	1167.72000000000
636.080000000000	1165.73000000000
636.120000000000	1166.58000000000
635.650000000000	1173.22000000000
635.550000000000	1173.27000000000
634.840000000000	1169.43000000000
634.380000000000	1178.10000000000
634.380000000000	1178.10000000000
633.980000000000	1187.44000000000
634.060000000000	1189.44000000000
634.790000000000	1182.45000000000
635.170000000000	1186.44000000000
634.080000000000	1194.37000000000
634.040000000000	1196.48000000000
633.860000000000	1197.30000000000
633.740000000000	1210.65000000000
637.630000000000	1211.67000000000
637.730000000000	1192.13000000000
637.670000000000	1197.52000000000
638.670000000000	1207.17000000000
641.030000000000	1205.94000000000
638.670000000000	1208.67000000000
638.140000000000	1217.28000000000
641.270000000000	1212.05000000000
642.660000000000	1183.71000000000
641.780000000000	1191.36000000000
641.170000000000	1206.78000000000
643.390000000000	1186.69000000000
643.300000000000	1202.26000000000
644.130000000000	1173.60000000000
644.150000000000	1165.90000000000
643.670000000000	1128.15000000000
640.550000000000	1110.88000000000
639.160000000000	1159.73000000000
637.290000000000	1155.79000000000
636.810000000000	1171.67000000000
639.290000000000	1157.44000000000
638.020000000000	1135.68000000000
638.250000000000	1136.94000000000
640.130000000000	1120.80000000000
638.230000000000	1115.05000000000
633.800000000000	1071.59000000000
630.980000000000	1087.69000000000
631.170000000000	1073.65000000000
627.770000000000	1074.03000000000
629.200000000000	1067.95000000000
630.720000000000	1103.06000000000
632.610000000000	1089.40000000000
632.610000000000	1089.40000000000
632.390000000000	1070.71000000000
630.980000000000	1098.38000000000
628.870000000000	1102.83000000000
631.680000000000	1064.88000000000
630.750000000000	1050.47000000000
629.030000000000	1062
631.640000000000	1055.69000000000
631.120000000000	1086.84000000000
630.830000000000	1091.60000000000
631.150000000000	1089.63000000000
631.970000000000	1115.23000000000
633.100000000000	1114.61000000000
632.380000000000	1116.04000000000
630.130000000000	1117.51000000000
631.230000000000	1113.20000000000
633.660000000000	1095.31000000000
634.230000000000	1092.04000000000
633.160000000000	1073.69000000000
633.350000000000	1076.76000000000
633.500000000000	1074.57000000000
633.190000000000	1041.24000000000
633.300000000000	1030.71000000000
632.680000000000	1027.37000000000
633.850000000000	1022.58000000000
633.850000000000	1022.58000000000
633.940000000000	1028.06000000000
632.480000000000	1060.27000000000
633.760000000000	1070.25000000000
633.880000000000	1077.96000000000
634.580000000000	1078.74000000000
635.570000000000	1095.34000000000
636.060000000000	1095.17000000000
637.270000000000	1096.48000000000
639.100000000000	1064.88000000000
639.380000000000	1071.25000000000
639.390000000000	1083.48000000000
640.420000000000	1069.59000000000
640.940000000000	1093.67000000000
640.230000000000	1102.66000000000
640.460000000000	1115.01000000000
642.840000000000	1113.84000000000
643.080000000000	1106.13000000000
643.110000000000	1101.53000000000
643.280000000000	1101.60000000000
643.340000000000	1125.86000000000
643.260000000000	1120.46000000000
644.460000000000	1127.24000000000
645.550000000000	1125.81000000000
645.300000000000	1121.64000000000
646.270000000000	1127.79000000000
646.190000000000	1121.06000000000
647.530000000000	1089.47000000000
647.570000000000	1083.61000000000
648.150000000000	1079.25000000000
648.410000000000	1079.37000000000
647.680000000000	1092.54000000000
648.780000000000	1094.16000000000
649.510000000000	1075.63000000000
649.350000000000	1071.69000000000
649.060000000000	1067.36000000000
649.820000000000	1051.87000000000
649.270000000000	1055.33000000000
650.690000000000	1047.22000000000
649.810000000000	1064.59000000000
651.240000000000	1048.92000000000
653.300000000000	1049.33000000000
652.700000000000	1080.29000000000
652.120000000000	1090.10000000000
651.660000000000	1104.51000000000
651.660000000000	1104.51000000000
652.660000000000	1091.84000000000
653.670000000000	1098.87000000000
655.370000000000	1104.18000000000
655.070000000000	1109.55000000000
655.200000000000	1121.90000000000
655.550000000000	1121.10000000000
657.520000000000	1125.07000000000
657.730000000000	1124.66000000000
657.480000000000	1125.59000000000
657.470000000000	1142.71000000000
657.320000000000	1139.78000000000
658.150000000000	1134.28000000000
657.830000000000	1124.83000000000
657.680000000000	1148.67000000000
658.270000000000	1142.16000000000
657.890000000000	1147.70000000000
657.470000000000	1144.73000000000
659.240000000000	1141.20000000000
659.250000000000	1146.24000000000
660.460000000000	1137.03000000000
659.300000000000	1160.75000000000
658.390000000000	1159.97000000000
661.980000000000	1158.06000000000
662.430000000000	1165.15000000000
663.170000000000	1165.32000000000
662.970000000000	1169.77000000000
664.140000000000	1178.10000000000
665.700000000000	1173.81000000000
666.460000000000	1176.19000000000
666.620000000000	1184.71000000000
667.230000000000	1165.90000000000
666.660000000000	1178.17000000000
668.060000000000	1180.26000000000
668.910000000000	1183.08000000000
669.740000000000	1185.62000000000
670.560000000000	1185.64000000000
671.720000000000	1182.45000000000
671.870000000000	1183.78000000000
672.120000000000	1183.26000000000
671.960000000000	1184.38000000000
672.040000000000	1193.57000000000
672.580000000000	1197.96000000000
673.250000000000	1221.06000000000
673.990000000000	1225.85000000000
673.600000000000	1223.25000000000
675.760000000000	1213.40000000000
675.390000000000	1218.71000000000
674.930000000000	1213.54000000000
674.220000000000	1199.21000000000
675.560000000000	1197.75000000000
675.760000000000	1178.34000000000
673.530000000000	1178.59000000000
673.390000000000	1196.69000000000
672.410000000000	1199.73000000000
672.270000000000	1197.84000000000
672.180000000000	1180.73000000000
671.960000000000	1198.35000000000
671.960000000000	1198.35000000000
672.980000000000	1189.40000000000
671.400000000000	1187.76000000000
670.260000000000	1180.55000000000
672.650000000000	1206.07000000000
672.540000000000	1221.53000000000
672.640000000000	1224.71000000000
671.790000000000	1223.12000000000
673.990000000000	1223.75000000000
673.940000000000	1228.28000000000
672.350000000000	1233
673.210000000000	1240.40000000000
673.320000000000	1240.46000000000
672.480000000000	1241.59000000000
672.230000000000	1235.23000000000
673.290000000000	1242.87000000000
673.500000000000	1243.91000000000
673.410000000000	1247.08000000000
674.520000000000	1254.60000000000
674.850000000000	1258.84000000000
673.980000000000	1256.77000000000
673.980000000000	1256.77000000000
674.370000000000	1257.54000000000
674.080000000000	1258.51000000000
673.340000000000	1259.78000000000
673.090000000000	1257.88000000000
675.820000000000	1257.64000000000
676.620000000000	1271.87000000000
676.330000000000	1270.20000000000
677.180000000000	1276.56000000000
677.400000000000	1273.85000000000
677.640000000000	1271.50000000000
677.940000000000	1269.75000000000
679.510000000000	1274.48000000000
680.090000000000	1285.96000000000
680.870000000000	1283.76000000000
680.340000000000	1293.24000000000
680.340000000000	1293.24000000000
681.150000000000	1295.02000000000
681.710000000000	1281.92000000000
682.020000000000	1280.26000000000
682.460000000000	1283.35000000000
682.240000000000	1290.84000000000
683.850000000000	1291.18000000000
684.210000000000	1296.63000000000
684.410000000000	1299.54000000000
685.150000000000	1276.34000000000
686.880000000000	1286.12000000000
688.620000000000	1307.59000000000
689.550000000000	1304.03000000000
689.760000000000	1307.10000000000
691.230000000000	1310.87000000000
691.830000000000	1319.05000000000
694.040000000000	1324.57000000000
694.890000000000	1320.88000000000
694.170000000000	1321.87000000000
693.640000000000	1329.14000000000
695.070000000000	1332.32000000000
695.960000000000	1328.01000000000
696.990000000000	1336.32000000000
697.070000000000	1340.43000000000
697.770000000000	1343.01000000000
697.770000000000	1343.01000000000
695.140000000000	1315.44000000000
697.240000000000	1307.40000000000
697.540000000000	1306.10000000000
697.220000000000	1319.88000000000
698.710000000000	1327.22000000000
699.450000000000	1306.33000000000
699.480000000000	1308.44000000000
699.490000000000	1330.97000000000
699.550000000000	1321.15000000000
699.770000000000	1310.13000000000
700.450000000000	1321.82000000000
700.010000000000	1320.02000000000
700.140000000000	1295.11000000000
699.820000000000	1304.28000000000
698.440000000000	1296.39000000000
697.070000000000	1281.87000000000
696.360000000000	1256.88000000000
695.650000000000	1273.72000000000
694.510000000000	1279.20000000000
696.170000000000	1298.38000000000
699.210000000000	1293.77000000000
695.960000000000	1297.54000000000
696.160000000000	1309.66000000000
697.400000000000	1313.80000000000
697.110000000000	1310.19000000000
696.790000000000	1319.44000000000
695.850000000000	1328.26000000000
698.750000000000	1325.83000000000
695.940000000000	1332.41000000000
695.210000000000	1332.87000000000
696.200000000000	1332.63000000000
696.870000000000	1335.54000000000
696.360000000000	1333.51000000000
696.870000000000	1328.17000000000
696.080000000000	1324.46000000000
698.820000000000	1314.16000000000
695.380000000000	1314.41000000000
695.840000000000	1314.52000000000
694.370000000000	1319.68000000000
695.890000000000	1305.14000000000
697.260000000000	1312.62000000000
696.780000000000	1330.36000000000
698.080000000000	1337.38000000000
698.080000000000	1337.38000000000
699.710000000000	1335.25000000000
699.740000000000	1347.24000000000
698.470000000000	1355.66000000000
698.050000000000	1360.48000000000
698.180000000000	1363.61000000000
698.300000000000	1361.22000000000
698.980000000000	1356.62000000000
699.170000000000	1347.32000000000
697.520000000000	1335.10000000000
697.780000000000	1340.20000000000
696.220000000000	1346.29000000000
695.890000000000	1357.16000000000
697.200000000000	1342.08000000000
697.020000000000	1348.65000000000
696.820000000000	1337.77000000000
697.910000000000	1329.47000000000
695.970000000000	1328.98000000000
697.600000000000	1340.68000000000
697.430000000000	1343.60000000000
697.870000000000	1333.27000000000
697.080000000000	1317.37000000000
695.670000000000	1316.28000000000
696.280000000000	1320.47000000000
694.630000000000	1325.69000000000
695.220000000000	1331.10000000000
695.220000000000	1331.10000000000
695.290000000000	1345.20000000000
698	1314.55000000000
698.730000000000	1312.94000000000
697.470000000000	1300.16000000000
696.620000000000	1286.17000000000
694.710000000000	1284.94000000000
694.080000000000	1279.56000000000
692.690000000000	1289
692.460000000000	1270.98000000000
691.690000000000	1271.83000000000
690.490000000000	1287.87000000000
690.780000000000	1265.42000000000
690.120000000000	1267.64000000000
689.120000000000	1271.50000000000
688.550000000000	1278.36000000000
687.510000000000	1295.52000000000
686.820000000000	1287.14000000000
686.130000000000	1283.50000000000
686.520000000000	1268.45000000000
686.190000000000	1280.10000000000
686.170000000000	1296.67000000000
685.200000000000	1307.41000000000
686.900000000000	1320.64000000000
687.170000000000	1339.67000000000
687.170000000000	1339.67000000000
687.410000000000	1337.88000000000
686.860000000000	1339.22000000000
687.040000000000	1353.22000000000
687.320000000000	1343.80000000000
686.310000000000	1319.49000000000
686.340000000000	1313.64000000000
687.240000000000	1317.72000000000
686.070000000000	1308.87000000000
685.500000000000	1316.14000000000
682.740000000000	1305.44000000000
685.250000000000	1326.73000000000
684.280000000000	1325.84000000000
683.650000000000	1343.80000000000
683.890000000000	1345.02000000000
684.160000000000	1337.43000000000
683.620000000000	1331.94000000000
684.160000000000	1304.89000000000
684.280000000000	1300.67000000000
681.750000000000	1292.28000000000
680.410000000000	1286.94000000000
679.670000000000	1254.05000000000
675.570000000000	1260.34000000000
676.920000000000	1200.07000000000
