1100.10000000000	4418.70000000000	2715.58000000000
1102.70000000000	4413.08000000000	2725.93000000000
1100.15000000000	4415.73000000000	2697.20000000000
1103.85000000000	4429.68000000000	2713.50000000000
1093.90000000000	4408.07000000000	2683.29000000000
1094.50000000000	4413.37000000000	2692.73000000000
1070.60000000000	4337.88000000000	2621.14000000000
1067.50000000000	4314.40000000000	2600.83000000000
1072.70000000000	4350.88000000000	2617.53000000000
1072.30000000000	4312.16000000000	2586.52000000000
1070.40000000000	4328.11000000000	2581.38000000000
1066	4301.53000000000	2581.05000000000
1077.40000000000	4350.17000000000	2605.26000000000
1082.20000000000	4358.68000000000	2617.97000000000
1085.55000000000	4355.25000000000	2624.89000000000
1090.90000000000	4362.63000000000	2627.60000000000
1092.80000000000	4369.19000000000	2626.50000000000
1098.75000000000	4405.30000000000	2663.02000000000
1095.40000000000	4407.46000000000	2659.21000000000
1095.40000000000	4411.57000000000	2662.43000000000
1104.95000000000	4453.90000000000	2686.27000000000
1107.25000000000	4490.11000000000	2699.10000000000
1103.05000000000	4490.11000000000	2693.51000000000
1096.90000000000	4459.32000000000	2669.72000000000
1107.30000000000	4502.05000000000	2692.94000000000
1108.35000000000	4518.58000000000	2713.06000000000
1114.70000000000	4550.84000000000	2740.54000000000
1113.65000000000	4563.78000000000	2750.85000000000
1118.95000000000	4565.63000000000	2744.10000000000
1119.50000000000	4558.41000000000	2744.53000000000
1114.65000000000	4538.03000000000	2734.09000000000
1116.35000000000	4545.02000000000	2744.51000000000
1127.60000000000	4558.48000000000	2771.76000000000
1126.10000000000	4545.61000000000	2768.41000000000
1120.85000000000	4548.45000000000	2761.31000000000
1124.95000000000	4556.47000000000	2766.74000000000
1129.10000000000	4590.96000000000	2795.61000000000
1125.90000000000	4579.51000000000	2776.09000000000
1124.90000000000	4608.41000000000	2790.35000000000
1116.50000000000	4592.30000000000	2758.96000000000
1111.60000000000	4568.33000000000	2731.74000000000
1112.95000000000	4578.14000000000	2740.74000000000
1104.80000000000	4541.24000000000	2721.76000000000
1103.55000000000	4567.34000000000	2730.94000000000
1111.15000000000	4588.07000000000	2755.85000000000
1111.50000000000	4570.77000000000	2729.97000000000
1129.05000000000	4659.65000000000	2788.41000000000
1138.75000000000	4681.76000000000	2822.52000000000
1135.60000000000	4707.14000000000	2828.68000000000
1134.70000000000	4706.34000000000	2828.68000000000
1142.05000000000	4698.67000000000	2837.77000000000
1127.70000000000	4698.87000000000	2816.20000000000
1124.50000000000	4685.51000000000	2812.28000000000
1117.50000000000	4647.94000000000	2782.39000000000
1117.30000000000	4634.76000000000	2794.11000000000
1110.50000000000	4629.37000000000	2778.37000000000
1105.95000000000	4622.74000000000	2771.35000000000
1104.35000000000	4626.58000000000	2766.51000000000
1112.60000000000	4655.23000000000	2806.66000000000
1097.70000000000	4616.36000000000	2764.64000000000
1107.45000000000	4617.36000000000	2788.02000000000
1104.50000000000	4615.40000000000	2792.89000000000
1093.55000000000	4564.55000000000	2739.36000000000
1099.25000000000	4583.36000000000	2738.58000000000
1118.50000000000	4630.07000000000	2770.48000000000
1123.30000000000	4642.81000000000	2813.99000000000
1125.15000000000	4624.21000000000	2817.28000000000
1130.45000000000	4673.79000000000	2829.63000000000
1138.60000000000	4693.20000000000	2848.56000000000
1144.55000000000	4718.46000000000	2859.64000000000
1144.35000000000	4728.26000000000	2847.63000000000
1165.70000000000	4739.78000000000	2889.64000000000
1165.30000000000	4716.58000000000	2873.66000000000
1164.50000000000	4717.68000000000	2869.16000000000
1164.75000000000	4734.47000000000	2871.03000000000
1167.80000000000	4776.86000000000	2905.37000000000
1173.75000000000	4793.92000000000	2905.49000000000
1180.25000000000	4803.09000000000	2904.22000000000
1178.30000000000	4770.37000000000	2876.13000000000
1186	4795.88000000000	2914.61000000000
1182.80000000000	4805.30000000000	2919.34000000000
1171.20000000000	4760.84000000000	2895.35000000000
1169.05000000000	4733.08000000000	2877.59000000000
1173.50000000000	4742.37000000000	2880.38000000000
1179.60000000000	4719.42000000000	2876.81000000000
1181.75000000000	4753.43000000000	2902.03000000000
1186.30000000000	4741.55000000000	2897.86000000000
1179.60000000000	4749.76000000000	2906.69000000000
1174.35000000000	4703.18000000000	2875.84000000000
1186.05000000000	4735.68000000000	2909.84000000000
1194.15000000000	4751.19000000000	2924.72000000000
1193.30000000000	4747.89000000000	2906.17000000000
1185.65000000000	4722.80000000000	2903.70000000000
1189.45000000000	4728.73000000000	2918.08000000000
1178.90000000000	4703.92000000000	2909.54000000000
1175.45000000000	4688.39000000000	2886.15000000000
1186.70000000000	4694.01000000000	2898.45000000000
1190.95000000000	4736.79000000000	2928.16000000000
1199.55000000000	4722.76000000000	2934.39000000000
1201.40000000000	4728.16000000000	2934.10000000000
1205.55000000000	4735.19000000000	2929.18000000000
1197.50000000000	4696.82000000000	2896.90000000000
1198.15000000000	4731.07000000000	2913.29000000000
1197.65000000000	4733.01000000000	2907.79000000000
1209.80000000000	4777.40000000000	2939.46000000000
1212.70000000000	4787.70000000000	2949.05000000000
1210.15000000000	4798.06000000000	2950.92000000000
1212.40000000000	4798.06000000000	2951.53000000000
1212	4798.06000000000	2951.75000000000
1212.95000000000	4819.80000000000	2950.28000000000
1214.15000000000	4820.09000000000	2952.51000000000
1214.65000000000	4814.30000000000	2951.24000000000
1206.60000000000	4814.30000000000	2968.38000000000
1199.60000000000	4846.95000000000	2967.33000000000
1190.30000000000	4806.04000000000	2948.35000000000
1185.50000000000	4824.25000000000	2961.67000000000
1185.60000000000	4854.09000000000	2971.39000000000
1192.25000000000	4840.70000000000	2975.12000000000
1185	4818.72000000000	2947.95000000000
1177.40000000000	4783.58000000000	2918.15000000000
1186.10000000000	4800.31000000000	2928.32000000000
1182.80000000000	4820.78000000000	2947.69000000000
1184.50000000000	4846.66000000000	2962.72000000000
1188.90000000000	4823.90000000000	2960.23000000000
1191.70000000000	4818.34000000000	2960.77000000000
1181.15000000000	4800.83000000000	2938.84000000000
1177.10000000000	4803.26000000000	2940.95000000000
1167.35000000000	4812.52000000000	2933.03000000000
1172.80000000000	4843.20000000000	2956.73000000000
1174.60000000000	4847.10000000000	2961.22000000000
1175.80000000000	4853.38000000000	2961.81000000000
1171	4832.84000000000	2957.59000000000
1177.95000000000	4852.31000000000	2979.14000000000
1184.45000000000	4906.21000000000	2999.69000000000
1191.70000000000	4916.24000000000	3022.68000000000
1187.60000000000	4908.30000000000	3005.37000000000
1196.30000000000	4941.50000000000	3032.88000000000
1203.35000000000	4979.82000000000	3049.02000000000
1203.70000000000	4995.46000000000	3054.36000000000
1196.85000000000	4990.42000000000	3047.22000000000
1192.70000000000	4999.99000000000	3044.73000000000
1200.10000000000	5044.19000000000	3064.70000000000
1203.80000000000	5041.80000000000	3067.45000000000
1212.35000000000	5058.88000000000	3089.11000000000
1207	5053.22000000000	3062.74000000000
1204.30000000000	5057.41000000000	3068.27000000000
1200.50000000000	5057.16000000000	3072.17000000000
1201.60000000000	5060.79000000000	3060.41000000000
1200	5032.85000000000	3046.97000000000
1187.10000000000	4988.45000000000	3020.89000000000
1190.30000000000	4972.05000000000	3023.66000000000
1205	5006.77000000000	3055.53000000000
1208.70000000000	4968.50000000000	3066.12000000000
1209.20000000000	5000.47000000000	3079.09000000000
1210.75000000000	4992.82000000000	3072.35000000000
1211.50000000000	5014.79000000000	3081.86000000000
1217.70000000000	5036.27000000000	3097.93000000000
1225.40000000000	5027.19000000000	3108.38000000000
1221.35000000000	5010.92000000000	3097.21000000000
1218.70000000000	4996.05000000000	3088.54000000000
1203.80000000000	4962.06000000000	3059.55000000000
1204.75000000000	4982.05000000000	3060.69000000000
1203.60000000000	4975.02000000000	3061.20000000000
1209.20000000000	5000.24000000000	3083.73000000000
1191.05000000000	4937.62000000000	3039.72000000000
1191.20000000000	4922.12000000000	3042.86000000000
1188.50000000000	4923.30000000000	3046.34000000000
1181.15000000000	4933.47000000000	3043.26000000000
1188	4937.26000000000	3051.72000000000
1172.25000000000	4910.44000000000	3035.47000000000
1175	4922.50000000000	3062.14000000000
1175	4922.50000000000	3060.67000000000
1177.40000000000	4922.50000000000	3060.67000000000
1175.10000000000	4918.96000000000	3062.49000000000
1171.50000000000	4900.74000000000	3055.55000000000
1181.50000000000	4894.37000000000	3068.56000000000
1184.70000000000	4914.03000000000	3075.01000000000
1173.45000000000	4896.74000000000	3041.87000000000
1180.90000000000	4942.89000000000	3062.67000000000
1187.55000000000	4947.42000000000	3070.84000000000
1188.05000000000	4977.01000000000	3087.82000000000
1188	4983.65000000000	3088.51000000000
1181.35000000000	4973.25000000000	3080.80000000000
1172.85000000000	4946.19000000000	3060.50000000000
1182.45000000000	4960.82000000000	3079.86000000000
1172.45000000000	4945.39000000000	3075.68000000000
1159.05000000000	4891.62000000000	3025.94000000000
1145.30000000000	4827.12000000000	2953.50000000000
1150.05000000000	4855.55000000000	2954.35000000000
1154.60000000000	4822.04000000000	2944.81000000000
1145.25000000000	4819.63000000000	2952.35000000000
1157.60000000000	4849.28000000000	2970.88000000000
1161.65000000000	4864.88000000000	2986.07000000000
1164.35000000000	4845.52000000000	2983.88000000000
1147.50000000000	4789.43000000000	2942.25000000000
1152.30000000000	4790.19000000000	2932.08000000000
1143.50000000000	4801.68000000000	2924.68000000000
1160.30000000000	4801.68000000000	2952.90000000000
1161.30000000000	4861.25000000000	2957.76000000000
1169.20000000000	4882.45000000000	2974.24000000000
1177.90000000000	4902.32000000000	3004.35000000000
1175.35000000000	4918.85000000000	3016.26000000000
1171.90000000000	4910.26000000000	3001.04000000000
1170.55000000000	4892.43000000000	2980.27000000000
1161.30000000000	4875.38000000000	2973.93000000000
1167.45000000000	4893.25000000000	2987.35000000000
1161.10000000000	4886.48000000000	2988.80000000000
1159.15000000000	4884.18000000000	2991.77000000000
1161.70000000000	4898.54000000000	2980.05000000000
1181.25000000000	4949.38000000000	3029.85000000000
1187.55000000000	4962.67000000000	3050.18000000000
1187.50000000000	4971.79000000000	3059.67000000000
1190.30000000000	4989.82000000000	3068.40000000000
1192.25000000000	4982.46000000000	3059.50000000000
1188.10000000000	4971.54000000000	3058.23000000000
1196.60000000000	4994.92000000000	3082.74000000000
1197.20000000000	4986.28000000000	3078.26000000000
1198.80000000000	4986.28000000000	3095.91000000000
1192.35000000000	4963.97000000000	3081.15000000000
1202.50000000000	5011.04000000000	3114.16000000000
1200.75000000000	5005	3125.80000000000
1202.10000000000	4999.38000000000	3116.07000000000
1193.35000000000	4980.41000000000	3094.43000000000
1208.30000000000	5025.25000000000	3133.47000000000
1200.90000000000	5003.73000000000	3126.60000000000
1194.55000000000	5009.20000000000	3119.99000000000
1198.35000000000	5030.38000000000	3140.34000000000
1204.65000000000	5050.36000000000	3153.30000000000
1202.45000000000	5046.76000000000	3158.35000000000
1200.25000000000	5019.48000000000	3144.38000000000
1210.90000000000	5044.98000000000	3161.85000000000
1215.30000000000	5077.61000000000	3181.31000000000
1213.10000000000	5071.96000000000	3159.61000000000
1216	5082.12000000000	3175.86000000000
1212.45000000000	5099.28000000000	3177.63000000000
1213.10000000000	5114.38000000000	3178.90000000000
1199.60000000000	5078.97000000000	3159.05000000000
1192.05000000000	5043.53000000000	3131.95000000000
1197.25000000000	5090.40000000000	3158.47000000000
1202.55000000000	5109.14000000000	3186.78000000000
1199.75000000000	5113.16000000000	3186.55000000000
1193.65000000000	5161.01000000000	3202.56000000000
1194.45000000000	5184.33000000000	3214.56000000000
1201.35000000000	5190.14000000000	3207.94000000000
1202.05000000000	5229.64000000000	3224.32000000000
1185.20000000000	5158.27000000000	3160.31000000000
1203.60000000000	5232.15000000000	3219.87000000000
1218.10000000000	5242.37000000000	3248.27000000000
1219.40000000000	5217.15000000000	3239.54000000000
1220.60000000000	5245.87000000000	3254.44000000000
1228.20000000000	5259.66000000000	3277.30000000000
1225.40000000000	5230.85000000000	3274.37000000000
1225.05000000000	5214.24000000000	3273.20000000000
1227.30000000000	5201.55000000000	3305.59000000000
1224.15000000000	5215.24000000000	3297.52000000000
1226.30000000000	5221.59000000000	3296.96000000000
1228.20000000000	5241.80000000000	3290.22000000000
1236.25000000000	5270.70000000000	3301.07000000000
1231.40000000000	5256.16000000000	3303.58000000000
1232	5263.63000000000	3309.53000000000
1238.30000000000	5270.32000000000	3331.83000000000
1239.35000000000	5282.30000000000	3322.62000000000
1234.85000000000	5290.85000000000	3322.95000000000
1241.10000000000	5327.47000000000	3344.64000000000
1242.60000000000	5332.30000000000	3340.42000000000
1241.45000000000	5315.53000000000	3309.68000000000
1229.20000000000	5314.75000000000	3289.35000000000
1227.40000000000	5344.29000000000	3289.13000000000
1230.60000000000	5363.72000000000	3325.03000000000
1240.65000000000	5377.48000000000	3365.19000000000
1235.50000000000	5358.57000000000	3355.70000000000
1233.15000000000	5345.78000000000	3337.17000000000
1229.95000000000	5344.24000000000	3328.10000000000
1226.25000000000	5322.35000000000	3306.90000000000
1221.45000000000	5292.71000000000	3293.12000000000
1217.60000000000	5269.32000000000	3284.05000000000
1223.45000000000	5312.62000000000	3323.14000000000
1223.45000000000	5318.44000000000	3334.58000000000
1217.60000000000	5300.24000000000	3304.41000000000
1219.60000000000	5275.23000000000	3295.10000000000
1212.60000000000	5255.66000000000	3267.03000000000
1206.60000000000	5228.06000000000	3230.58000000000
1205.85000000000	5228.06000000000	3237.15000000000
1203.85000000000	5255.80000000000	3241.66000000000
1210.45000000000	5296.92000000000	3260.56000000000
1218.85000000000	5328.51000000000	3275.42000000000
1221.05000000000	5326.85000000000	3273.84000000000
1218	5337.84000000000	3300.12000000000
1228.60000000000	5359.15000000000	3337.06000000000
1234.65000000000	5365.93000000000	3348.56000000000
1233	5340.79000000000	3340.47000000000
1235.40000000000	5359.31000000000	3353.17000000000
1240.35000000000	5375.10000000000	3355.92000000000
1232.30000000000	5338.01000000000	3328.53000000000
1232.65000000000	5347.44000000000	3332.81000000000
1228.40000000000	5383.45000000000	3340.44000000000
1231.65000000000	5407.90000000000	3373
1232.20000000000	5429.68000000000	3357.06000000000
1235.40000000000	5416.36000000000	3372.36000000000
1218.45000000000	5369.68000000000	3337.33000000000
1210.60000000000	5385.73000000000	3315.11000000000
1213.45000000000	5413.56000000000	3329.59000000000
1220.45000000000	5453.08000000000	3395.83000000000
1212.55000000000	5447.31000000000	3382.87000000000
1219.90000000000	5494.79000000000	3430.62000000000
1213.30000000000	5478.22000000000	3412.95000000000
1227.65000000000	5477.71000000000	3435.03000000000
1227.20000000000	5501.55000000000	3443.22000000000
1227.95000000000	5494.43000000000	3462.19000000000
1208.25000000000	5427.82000000000	3430.76000000000
1199.45000000000	5372.37000000000	3370.74000000000
1195.40000000000	5362.30000000000	3372.89000000000
1193.50000000000	5374.55000000000	3377.74000000000
1189.15000000000	5380.67000000000	3390.20000000000
1181.80000000000	5342.16000000000	3361.45000000000
1178.05000000000	5265.22000000000	3340.65000000000
1177.85000000000	5275	3345.81000000000
1189.25000000000	5286.53000000000	3356.83000000000
1187.05000000000	5263.93000000000	3335.76000000000
1176.45000000000	5167.85000000000	3299.43000000000
1193.10000000000	5164.07000000000	3294.87000000000
1179.40000000000	5142.12000000000	3266.36000000000
1187.65000000000	5207.60000000000	3301.68000000000
1198.85000000000	5182.12000000000	3300.70000000000
1201.15000000000	5227.81000000000	3305.50000000000
1187.85000000000	5182.75000000000	3243.11000000000
1182.30000000000	5213.40000000000	3238.32000000000
1206.25000000000	5317.28000000000	3312.33000000000
1204	5344.33000000000	3315.93000000000
1209.30000000000	5358.63000000000	3312.02000000000
1221.20000000000	5431.93000000000	3356.62000000000
1215.65000000000	5423.56000000000	3347.08000000000
1219.40000000000	5460.80000000000	3366.40000000000
1217.70000000000	5460.91000000000	3357.90000000000
1217.60000000000	5439.81000000000	3360.97000000000
1218.35000000000	5423.50000000000	3360.13000000000
1232.15000000000	5465.06000000000	3400.88000000000
1234.30000000000	5470	3407.02000000000
1234.65000000000	5439.60000000000	3412.01000000000
1227.50000000000	5429.95000000000	3390.97000000000
1234.05000000000	5460.02000000000	3402.29000000000
1243.05000000000	5498.90000000000	3422.29000000000
1251.20000000000	5497.94000000000	3452.99000000000
1253.15000000000	5517.21000000000	3450.84000000000
1262.60000000000	5531.71000000000	3465.33000000000
1265.60000000000	5511.01000000000	3454.99000000000
1266.75000000000	5523.84000000000	3462.31000000000
1262.90000000000	5477.37000000000	3457.24000000000
1261.75000000000	5490.99000000000	3457.12000000000
1259.35000000000	5423.17000000000	3452.05000000000
1261.05000000000	5486.12000000000	3495.42000000000
1263.55000000000	5528.08000000000	3510.57000000000
1259.80000000000	5510.39000000000	3491.11000000000
1268.55000000000	5538.77000000000	3515.07000000000
1260	5528.84000000000	3502.41000000000
1260.55000000000	5531.11000000000	3495.18000000000
1256.50000000000	5517.42000000000	3498.48000000000
1262.15000000000	5501.48000000000	3512.64000000000
1261.20000000000	5507.24000000000	3526.32000000000
1269.15000000000	5521.13000000000	3526.13000000000
1268.90000000000	5495.34000000000	3513.19000000000
1273.80000000000	5531.63000000000	3554.30000000000
1268.20000000000	5539.78000000000	3549.71000000000
1260.55000000000	5547.94000000000	3561.65000000000
1268.80000000000	5587.38000000000	3588.43000000000
1265.20000000000	5596.98000000000	3590.42000000000
1266.85000000000	5595.45000000000	3595.50000000000
1266.85000000000	5595.45000000000	3595.50000000000
1268.95000000000	5595.45000000000	3616.29000000000
1258.45000000000	5622.79000000000	3602.92000000000
1260	5638.32000000000	3611.80000000000
1247.85000000000	5618.76000000000	3575.98000000000
1248.30000000000	5618.76000000000	3601.99000000000
1248	5681.46000000000	3609.20000000000
1271.75000000000	5714.58000000000	3644.92000000000
1272.20000000000	5691.18000000000	3647.02000000000
1276.45000000000	5731.78000000000	3658.78000000000
1285.45000000000	5731.46000000000	3673.78000000000
1285	5688.83000000000	3651.49000000000
1289.20000000000	5731.54000000000	3657.77000000000
1292.40000000000	5735.15000000000	3670.66000000000
1286.05000000000	5711.03000000000	3622.68000000000
1287.60000000000	5740.24000000000	3648.01000000000
1281.75000000000	5698.96000000000	3611.53000000000
1277.70000000000	5663.65000000000	3579.37000000000
1279.55000000000	5693.19000000000	3589.79000000000
1274.75000000000	5672.36000000000	3561.06000000000
1265.20000000000	5660.94000000000	3535.94000000000
1265.80000000000	5633.80000000000	3541.22000000000
1268.85000000000	5704.39000000000	3560.68000000000
1271.85000000000	5722.61000000000	3631.93000000000
1283.45000000000	5786.84000000000	3679.61000000000
1284.85000000000	5779.84000000000	3682.17000000000
1280.50000000000	5760.26000000000	3693.02000000000
1281.80000000000	5801.63000000000	3725.47000000000
1273.70000000000	5747.27000000000	3704.27000000000
1264.95000000000	5759.32000000000	3674.27000000000
1266.15000000000	5772.36000000000	3678.01000000000
1260.90000000000	5746.79000000000	3670.88000000000
1256.35000000000	5725.09000000000	3668.40000000000
1271.35000000000	5808.75000000000	3720.67000000000
1257.20000000000	5764.11000000000	3700.60000000000
1265.15000000000	5793.51000000000	3714.07000000000
1265.75000000000	5792.29000000000	3719.10000000000
1276.90000000000	5791.46000000000	3739.41000000000
1281.90000000000	5828.88000000000	3744.90000000000
1285.60000000000	5846.17000000000	3764.80000000000
1287.25000000000	5862.96000000000	3766.76000000000
1285.45000000000	5857.66000000000	3775.23000000000
1289.05000000000	5872.39000000000	3810.70000000000
1288.80000000000	5836.04000000000	3811.72000000000
1287.95000000000	5860.49000000000	3817.93000000000
1293	5875.86000000000	3826.82000000000
1281.15000000000	5791.54000000000	3774.10000000000
1285.45000000000	5844.07000000000	3797.93000000000
1290.40000000000	5832.98000000000	3762.93000000000
1286.70000000000	5858.69000000000	3735.70000000000
1287.35000000000	5897.82000000000	3752.45000000000
1276.05000000000	5857.37000000000	3737.44000000000
1273.75000000000	5812.94000000000	3729.96000000000
1279.90000000000	5855.89000000000	3753.16000000000
1281.35000000000	5907.87000000000	3791.20000000000
1285.65000000000	5952.84000000000	3824.65000000000
1286.85000000000	5950.59000000000	3821.34000000000
1296.60000000000	5965.06000000000	3835.95000000000
1306	5993.25000000000	3831.27000000000
1306.30000000000	5999.41000000000	3821.66000000000
1305.65000000000	5991.73000000000	3838.27000000000
1303.40000000000	5991.25000000000	3837.47000000000
1300.75000000000	6007.46000000000	3863.89000000000
1298.90000000000	5990.06000000000	3858.57000000000
1305.60000000000	6036.27000000000	3870.90000000000
1302.80000000000	5972.18000000000	3836.76000000000
1300.50000000000	5935.68000000000	3811.94000000000
1294.10000000000	5959.22000000000	3826.23000000000
1308.15000000000	6015.25000000000	3867.42000000000
1301	5964.57000000000	3861.85000000000
1306.25000000000	6024.28000000000	3876.25000000000
1297.70000000000	6004.69000000000	3854.40000000000
1306.55000000000	6044.09000000000	3858.31000000000
1307.80000000000	6045.65000000000	3859.98000000000
1302.85000000000	6026.11000000000	3827.51000000000
1296.45000000000	6066.98000000000	3831.06000000000
1289.35000000000	6016.49000000000	3792.88000000000
1288.65000000000	6000.84000000000	3775.59000000000
1289.95000000000	6029.37000000000	3781.36000000000
1289.10000000000	6029.37000000000	3779.94000000000
1290.80000000000	6029.37000000000	3779.94000000000
1291.60000000000	6044.13000000000	3761.81000000000
1307.75000000000	6089.77000000000	3811.36000000000
1310.50000000000	6081.41000000000	3863.31000000000
1314.20000000000	6132.74000000000	3880.74000000000
1306.30000000000	6098.71000000000	3868.64000000000
1303.65000000000	6086.62000000000	3873.56000000000
1308.10000000000	6104.34000000000	3885.50000000000
1306.20000000000	6060.03000000000	3851.55000000000
1312.55000000000	6023.14000000000	3856.76000000000
1313.45000000000	6023.14000000000	3839.90000000000
1310	6082.07000000000	3860.25000000000
1307.15000000000	6010.02000000000	3820.29000000000
1312.95000000000	6036.89000000000	3837.69000000000
1319.85000000000	6091.74000000000	3865.79000000000
1324.25000000000	6067.10000000000	3879.86000000000
1325.15000000000	6105.64000000000	3883.37000000000
1322.50000000000	6083.39000000000	3866.62000000000
1315	6042.03000000000	3848.31000000000
1299.20000000000	5912.11000000000	3765.93000000000
1293.35000000000	5841.27000000000	3729.68000000000
1294.50000000000	5846.18000000000	3733.30000000000
1281.45000000000	5675.49000000000	3680.68000000000
1269.80000000000	5671.59000000000	3616.59000000000
1262.75000000000	5657.37000000000	3630.09000000000
1258.85000000000	5532.72000000000	3564.35000000000
1271	5678.71000000000	3629.85000000000
1259.55000000000	5587.06000000000	3586.54000000000
1263.80000000000	5677.70000000000	3622.99000000000
1276.40000000000	5791	3678.59000000000
1280.15000000000	5791	3682
1270.20000000000	5652.02000000000	3606.87000000000
1268.40000000000	5723.81000000000	3631.78000000000
1275.60000000000	5749.69000000000	3635.24000000000
1286.60000000000	5764.62000000000	3646.86000000000
1283.85000000000	5762.13000000000	3613.01000000000
1258.75000000000	5669.79000000000	3535.91000000000
1266.50000000000	5706.29000000000	3560.09000000000
1250.95000000000	5562.94000000000	3481.05000000000
1259.35000000000	5655.20000000000	3515.53000000000
1247.60000000000	5620.86000000000	3493.25000000000
1230.35000000000	5519.63000000000	3400.87000000000
1224.30000000000	5506.82000000000	3413.33000000000
1242.85000000000	5619.28000000000	3484.77000000000
1252.30000000000	5597.44000000000	3464.61000000000
1248.90000000000	5626.09000000000	3500.89000000000
1244.05000000000	5658.19000000000	3496.65000000000
1250	5665.03000000000	3508.99000000000
1246.80000000000	5684.08000000000	3538.78000000000
1245.35000000000	5692.14000000000	3550.51000000000
1245.85000000000	5681.24000000000	3533.62000000000
1247.10000000000	5652.25000000000	3533.15000000000
1240.70000000000	5678.58000000000	3514.80000000000
1257.80000000000	5791.48000000000	3576.48000000000
1273.65000000000	5833.42000000000	3644.37000000000
1276.20000000000	5884.44000000000	3655.18000000000
1280.20000000000	5883.53000000000	3664.19000000000
1267.10000000000	5826.68000000000	3613.14000000000
1276.50000000000	5890.03000000000	3655.62000000000
1271.30000000000	5888.86000000000	3650.06000000000
1273.10000000000	5896.90000000000	3667
1261.05000000000	5857.30000000000	3614.24000000000
1267.10000000000	5860.56000000000	3625.84000000000
1248.70000000000	5765.02000000000	3564.10000000000
1234.70000000000	5707.62000000000	3526.84000000000
1235.85000000000	5700.97000000000	3503.60000000000
1231.60000000000	5681.70000000000	3485.92000000000
1255.25000000000	5777.96000000000	3567.18000000000
1260.40000000000	5770.88000000000	3586.35000000000
1245	5719.74000000000	3564.27000000000
1255.90000000000	5833.87000000000	3628.99000000000
1259.10000000000	5851.16000000000	3629.93000000000
1264.55000000000	5877.10000000000	3633.79000000000
1272.95000000000	5929.49000000000	3672.46000000000
1276.05000000000	5974.92000000000	3679.51000000000
1277.30000000000	5928.33000000000	3697.30000000000
1267.90000000000	5880.84000000000	3638.16000000000
1276.50000000000	5932.11000000000	3683.50000000000
1276.25000000000	5838.35000000000	3670.71000000000
1280.25000000000	5889.40000000000	3716.14000000000
1275.15000000000	5828.80000000000	3661.01000000000
1279	5818.09000000000	3667.16000000000
1280.10000000000	5860.47000000000	3702.98000000000
1267.60000000000	5823.38000000000	3669.11000000000
1267.50000000000	5820.13000000000	3673.30000000000
1275.15000000000	5870.87000000000	3707.03000000000
1281.85000000000	5897.88000000000	3765.73000000000
1291.20000000000	5896.60000000000	3796.33000000000
1296.50000000000	5900.42000000000	3799.45000000000
1297.15000000000	5903.36000000000	3790.83000000000
1297.45000000000	5915.24000000000	3777.79000000000
1300.45000000000	5902.64000000000	3793.23000000000
1293.30000000000	5860.04000000000	3761.92000000000
1295.10000000000	5869.09000000000	3779.01000000000
1294.80000000000	5878.59000000000	3779.09000000000
1300.80000000000	5878.59000000000	3802.32000000000
1297.65000000000	5888.28000000000	3808.09000000000
1305	5929.34000000000	3824.29000000000
1303.75000000000	5906.13000000000	3814.81000000000
1307.95000000000	5949.15000000000	3824.68000000000
1311	5986.64000000000	3837.20000000000
1310.35000000000	5981.69000000000	3807.25000000000
1305.20000000000	5929.27000000000	3769.90000000000
1294.70000000000	5858.12000000000	3736.16000000000
1297.25000000000	5879.27000000000	3747.28000000000
1291.55000000000	5850.77000000000	3730.53000000000
1307.40000000000	5895.48000000000	3784.63000000000
1314.05000000000	5892.15000000000	3799.67000000000
1314.80000000000	5877.22000000000	3796.68000000000
1322.75000000000	5877.01000000000	3822.87000000000
1320.75000000000	5890.25000000000	3806.01000000000
1319.60000000000	5831.79000000000	3787.22000000000
1327.10000000000	5866.23000000000	3838.83000000000
1327.65000000000	5896.73000000000	3861.40000000000
1311.80000000000	5822.28000000000	3807.94000000000
1314.90000000000	5798.31000000000	3818.85000000000
1331.80000000000	5873.55000000000	3875.14000000000
1337.35000000000	5930.14000000000	3889.69000000000
1336.40000000000	5971.34000000000	3897.21000000000
1337.90000000000	5960.81000000000	3903.08000000000
1335.85000000000	5957.83000000000	3885.27000000000
1328.75000000000	5937.09000000000	3867.68000000000
1336.05000000000	5966.50000000000	3909.21000000000
1349.15000000000	6004.52000000000	3942.02000000000
1347.75000000000	6001.19000000000	3938.22000000000
1347.95000000000	6030.88000000000	3939.43000000000
1353.30000000000	6072.69000000000	3961.81000000000
1350.30000000000	6073.51000000000	3969.18000000000
1356.05000000000	6121.28000000000	3994.87000000000
1361.55000000000	6157.31000000000	4001.77000000000
1366.05000000000	6172.37000000000	3996.77000000000
1359.65000000000	6108.62000000000	3952.38000000000
1365.25000000000	6150.39000000000	3984.45000000000
1364.95000000000	6155.97000000000	3984.50000000000
1365.90000000000	6155.19000000000	3993.27000000000
1374.20000000000	6166.13000000000	4017.60000000000
1374.35000000000	6182.51000000000	4014.40000000000
1378.45000000000	6214.55000000000	4017.60000000000
1380.05000000000	6184.82000000000	4022.92000000000
1383.55000000000	6160.88000000000	4006.85000000000
1377.40000000000	6126.79000000000	4003.04000000000
1379.50000000000	6129.22000000000	4007.38000000000
1379.05000000000	6149.62000000000	4019.34000000000
1366.30000000000	6149.28000000000	3980.48000000000
1367.50000000000	6148.13000000000	3991.86000000000
1375.15000000000	6224.54000000000	4039.39000000000
1385.35000000000	6243.96000000000	4070.36000000000
1381.55000000000	6238.99000000000	4074.11000000000
1386.60000000000	6231.53000000000	4073.05000000000
1377.20000000000	6208.41000000000	4059.77000000000
1386.95000000000	6194.18000000000	4090.28000000000
1380.25000000000	6186.63000000000	4074.84000000000
1395.35000000000	6229.79000000000	4105.93000000000
1399.25000000000	6254.85000000000	4105.51000000000
1396.20000000000	6192.04000000000	4074.58000000000
1403.25000000000	6204.52000000000	4097.03000000000
1401.90000000000	6202.62000000000	4101.90000000000
1403.85000000000	6160.28000000000	4097.44000000000
1406.10000000000	6139.99000000000	4088.26000000000
1403.75000000000	6122.07000000000	4045.58000000000
1391.15000000000	6050.08000000000	4002.89000000000
1385.60000000000	6025.91000000000	3978.79000000000
1398.25000000000	6084.36000000000	4019.87000000000
1397	6048.85000000000	3997.67000000000
1393.65000000000	6021.54000000000	3935.74000000000
1402.95000000000	6050.43000000000	3960.56000000000
1412.45000000000	6086.42000000000	4006.10000000000
1413.50000000000	6090.35000000000	4003.30000000000
1412.30000000000	6131.48000000000	4023.54000000000
1409.75000000000	6152.44000000000	4013.92000000000
1413.45000000000	6159.77000000000	4050.51000000000
1412.60000000000	6156.40000000000	4059.32000000000
1412.85000000000	6192.46000000000	4093.39000000000
1422.45000000000	6227.96000000000	4120.01000000000
1431.40000000000	6260.02000000000	4141.41000000000
1427.45000000000	6247.43000000000	4133.26000000000
1422.55000000000	6203.95000000000	4110.93000000000
1428.50000000000	6198.59000000000	4123.98000000000
1422.30000000000	6183.70000000000	4109.09000000000
1415.30000000000	6189.97000000000	4086.51000000000
1410.75000000000	6189.97000000000	4073.50000000000
1413.20000000000	6189.97000000000	4073.50000000000
1424.10000000000	6245.24000000000	4126.67000000000
1423.30000000000	6240.95000000000	4131.83000000000
1424.60000000000	6220.81000000000	4124.22000000000
1418.30000000000	6220.81000000000	4119.94000000000
1418.30000000000	6310.93000000000	4182.52000000000
1427.40000000000	6319.01000000000	4186.63000000000
1417.35000000000	6286.96000000000	4179.27000000000
1409.35000000000	6220.12000000000	4140.77000000000
1408.85000000000	6194.16000000000	4126.73000000000
1413.60000000000	6196.14000000000	4132.39000000000
1410.35000000000	6160.68000000000	4097.03000000000
1425.40000000000	6230.07000000000	4159.67000000000
1424.70000000000	6239.01000000000	4168.04000000000
1430.75000000000	6263.46000000000	4196.09000000000
1430.35000000000	6215.66000000000	4175.50000000000
1432.40000000000	6204.46000000000	4144.32000000000
1428.50000000000	6210.27000000000	4125.43000000000
1431	6237.19000000000	4175.99000000000
1422.05000000000	6218.43000000000	4143.84000000000
1425.20000000000	6227.61000000000	4135.95000000000
1435.10000000000	6314.79000000000	4189.96000000000
1436.60000000000	6269.26000000000	4171.27000000000
1420.35000000000	6228.04000000000	4144.42000000000
1423	6239.88000000000	4167.61000000000
1423.70000000000	6241.96000000000	4195.11000000000
1428.45000000000	6203.09000000000	4186.64000000000
1440.10000000000	6282.23000000000	4214.06000000000
1447.90000000000	6310.92000000000	4231.62000000000
1446.90000000000	6317.90000000000	4230.35000000000
1446.30000000000	6346.26000000000	4230.55000000000
1452.10000000000	6369.47000000000	4253.91000000000
1443.25000000000	6346.39000000000	4222.27000000000
1448.85000000000	6382.84000000000	4248.44000000000
1436.15000000000	6353.46000000000	4214.11000000000
1439	6381.76000000000	4231.54000000000
1453.40000000000	6421.21000000000	4260.25000000000
1454.40000000000	6433.32000000000	4255.69000000000
1454.25000000000	6419.53000000000	4246.75000000000
1455.55000000000	6444.44000000000	4264.99000000000
1453.30000000000	6412.33000000000	4239.81000000000
1453.95000000000	6357.07000000000	4225.42000000000
1457.65000000000	6380.94000000000	4252.98000000000
1449.40000000000	6401.49000000000	4236.58000000000
1453.60000000000	6434.70000000000	4270.53000000000
1432.30000000000	6286.08000000000	4156.92000000000
1412.90000000000	6171.47000000000	4112.37000000000
1402.10000000000	6116.04000000000	4027.45000000000
1400.35000000000	6116.24000000000	4013.49000000000
1387.85000000000	6058.65000000000	3986.17000000000
1383.30000000000	6138.54000000000	4006.24000000000
1392.90000000000	6156.49000000000	4018.31000000000
1405.35000000000	6227.69000000000	4076.55000000000
1404.25000000000	6245.23000000000	4084.33000000000
1401.95000000000	6233.28000000000	4077.71000000000
1399.40000000000	6161.15000000000	4031.52000000000
1372.50000000000	6000.71000000000	3920.46000000000
1391.90000000000	6133.22000000000	3962.81000000000
1389.10000000000	6130.60000000000	3981.05000000000
1402.40000000000	6189.36000000000	4044.67000000000
1407.40000000000	6220.26000000000	4074.16000000000
1411.50000000000	6256.77000000000	4073.97000000000
1435.05000000000	6318.03000000000	4171.36000000000
1437.90000000000	6339.38000000000	4190.80000000000
1424.15000000000	6291.94000000000	4130.82000000000
1429.10000000000	6292.59000000000	4157.17000000000
1419.15000000000	6267.21000000000	4132.56000000000
1421.90000000000	6324.18000000000	4176.03000000000
1425.10000000000	6308.03000000000	4193.39000000000
1422.45000000000	6315.53000000000	4185.85000000000
1437.60000000000	6366.11000000000	4241.35000000000
1438.60000000000	6364.70000000000	4258.85000000000
1439.70000000000	6397.34000000000	4267.23000000000
1443.75000000000	6397.34000000000	4271.54000000000
1446.10000000000	6397.34000000000	4271.54000000000
1446.60000000000	6417.77000000000	4295.42000000000
1440.65000000000	6413.25000000000	4285.42000000000
1441.65000000000	6416.37000000000	4286.47000000000
1448.95000000000	6462.43000000000	4316.21000000000
1464.90000000000	6516.22000000000	4377.89000000000
1472.70000000000	6497.78000000000	4387.29000000000
1473	6449.36000000000	4362.91000000000
1468.70000000000	6440.57000000000	4332.05000000000
1480.50000000000	6486.75000000000	4418.20000000000
1480.50000000000	6479.71000000000	4418.20000000000
1477.10000000000	6429.54000000000	4369.02000000000
1486.35000000000	6461.95000000000	4400.06000000000
1495.35000000000	6469.38000000000	4418.39000000000
1491.30000000000	6418.67000000000	4383.99000000000
1495.90000000000	6449.21000000000	4397.18000000000
1481.25000000000	6419.61000000000	4392.34000000000
1496.20000000000	6484.45000000000	4413.17000000000
1501.55000000000	6537.77000000000	4424.96000000000
1507.95000000000	6603.66000000000	4441.19000000000
1508.85000000000	6603.66000000000	4439.56000000000
1502.85000000000	6550.43000000000	4405.13000000000
1506.85000000000	6549.60000000000	4425.39000000000
1505.65000000000	6524.12000000000	4415.42000000000
1503.60000000000	6565.67000000000	4414.23000000000
1505.85000000000	6555.50000000000	4414.95000000000
1509	6568.65000000000	4428.31000000000
1504.50000000000	6559.45000000000	4423.79000000000
1512.55000000000	6579.25000000000	4428.15000000000
1517.75000000000	6640.92000000000	4476.23000000000
1526.20000000000	6636.79000000000	4472.10000000000
1524.15000000000	6606.61000000000	4464.12000000000
1531.55000000000	6616.40000000000	4493.58000000000
1520.10000000000	6565.45000000000	4457.28000000000
1516.05000000000	6570.55000000000	4463.63000000000
1515.75000000000	6570.55000000000	4463.52000000000
1519.85000000000	6606.48000000000	4472.92000000000
1516.30000000000	6602.08000000000	4458.86000000000
1532.95000000000	6621.45000000000	4514.99000000000
1535.30000000000	6676.66000000000	4551.50000000000
1534.60000000000	6664.11000000000	4533.37000000000
1534.70000000000	6632.80000000000	4521.59000000000
1517.95000000000	6522.69000000000	4441.58000000000
1509.85000000000	6505.12000000000	4375.63000000000
1492.55000000000	6505.11000000000	4374.98000000000
1506.40000000000	6567.52000000000	4409.73000000000
1498.65000000000	6520.45000000000	4370.09000000000
1503.25000000000	6559.56000000000	4402.95000000000
1523	6649.92000000000	4476.24000000000
1537.85000000000	6732.40000000000	4551.01000000000
1530.20000000000	6703.50000000000	4521.24000000000
1529.85000000000	6650.24000000000	4529.14000000000
1534.55000000000	6649.25000000000	4543.02000000000
1518.25000000000	6595.99000000000	4491.67000000000
1513.20000000000	6567.35000000000	4475.43000000000
1511.90000000000	6588.41000000000	4466.58000000000
1496.30000000000	6559.28000000000	4432.35000000000
1489.50000000000	6527.57000000000	4418.39000000000
1505.30000000000	6571.28000000000	4451.20000000000
1511.45000000000	6607.90000000000	4486.59000000000
1515.30000000000	6590.55000000000	4472.46000000000
1524.05000000000	6639.81000000000	4511.69000000000
1524.85000000000	6673.07000000000	4527.54000000000
1521.50000000000	6635.23000000000	4491.22000000000
1525.60000000000	6690.12000000000	4514.23000000000
1529.45000000000	6712.67000000000	4528.53000000000
1523.75000000000	6630.93000000000	4477.34000000000
1515.70000000000	6615.13000000000	4443.65000000000
1530.95000000000	6697.70000000000	4499.89000000000
1552.05000000000	6716.72000000000	4546.57000000000
1553.70000000000	6697.73000000000	4558.77000000000
1553	6659.15000000000	4537.55000000000
1540.40000000000	6567.06000000000	4494.12000000000
1550.80000000000	6640.23000000000	4508.46000000000
1540.75000000000	6585.23000000000	4466.45000000000
1534.10000000000	6624.38000000000	4470.94000000000
1533.50000000000	6498.71000000000	4432.25000000000
1511.60000000000	6454.31000000000	4365.58000000000
1496.70000000000	6251.20000000000	4277.68000000000
1473.70000000000	6215.20000000000	4260.38000000000
1463.55000000000	6206.12000000000	4247.70000000000
1478.60000000000	6360.11000000000	4308.72000000000
1448.60000000000	6250.57000000000	4247.54000000000
1462.85000000000	6300.26000000000	4274.68000000000
1462	6224.25000000000	4236.70000000000
1429.55000000000	6189.10000000000	4197.97000000000
1464.75000000000	6308.84000000000	4264.97000000000
1494.20000000000	6393.88000000000	4362.87000000000
1480.40000000000	6271.21000000000	4286.65000000000
1440	6038.34000000000	4182.56000000000
1459.90000000000	6219.01000000000	4234.62000000000
1434.80000000000	6143.51000000000	4198.34000000000
1431.25000000000	6109.33000000000	4180.16000000000
1398.20000000000	5858.93000000000	4095.49000000000
1428.95000000000	6064.24000000000	4157.49000000000
1443.50000000000	6078.68000000000	4177.55000000000
1446.25000000000	6086.10000000000	4170.12000000000
1458.15000000000	6195.96000000000	4219.38000000000
1463.70000000000	6196.87000000000	4239.32000000000
1464.40000000000	6220.09000000000	4239.03000000000
1470.75000000000	6220.09000000000	4241.68000000000
1450.65000000000	6102.23000000000	4179.78000000000
1446.70000000000	6132.22000000000	4196.67000000000
1461.45000000000	6212	4236.04000000000
1469.20000000000	6303.30000000000	4293.12000000000
1474	6315.22000000000	4298.27000000000
1482.40000000000	6376.84000000000	4319.13000000000
1471.30000000000	6270.67000000000	4240.05000000000
1472.50000000000	6313.31000000000	4237.25000000000
1455.35000000000	6191.23000000000	4172.33000000000
1445.60000000000	6134.13000000000	4152.80000000000
1462.75000000000	6280.68000000000	4190.19000000000
1471.55000000000	6306.19000000000	4195.93000000000
1483.65000000000	6363.89000000000	4245.21000000000
1481.70000000000	6289.34000000000	4227.95000000000
1475.65000000000	6182.78000000000	4190.61000000000
1486.60000000000	6283.30000000000	4262.96000000000
1535.85000000000	6460.04000000000	4393.80000000000
1525.50000000000	6429	4370.15000000000
1527.70000000000	6456.69000000000	4377.84000000000
1527.60000000000	6465.91000000000	4363.81000000000
1515.20000000000	6396.90000000000	4336.88000000000
1523.85000000000	6433.03000000000	4371.41000000000
1529.80000000000	6486.42000000000	4392.70000000000
1527.10000000000	6466.79000000000	4374.36000000000
1536.30000000000	6506.25000000000	4406.63000000000
1542.50000000000	6500.40000000000	4420.72000000000
1542.60000000000	6535.21000000000	4421.46000000000
1543.30000000000	6547.91000000000	4427.05000000000
1552.50000000000	6595.81000000000	4449.07000000000
1551.90000000000	6540.90000000000	4436.10000000000
1557.40000000000	6615.39000000000	4447.77000000000
1558.85000000000	6633.02000000000	4435.83000000000
1570.90000000000	6724.54000000000	4473.83000000000
1560.20000000000	6730.71000000000	4463.68000000000
1552.55000000000	6644.48000000000	4443.69000000000
1542.70000000000	6614.29000000000	4422.07000000000
1543.70000000000	6677.67000000000	4433.95000000000
1538	6609.42000000000	4427.56000000000
1518.75000000000	6527.92000000000	4406.79000000000
1493.05000000000	6459.32000000000	4346.07000000000
1509.75000000000	6513.99000000000	4376.03000000000
1499.35000000000	6481.99000000000	4361.19000000000
1517.30000000000	6576.31000000000	4403.90000000000
1526.35000000000	6661.34000000000	4446.78000000000
1539.10000000000	6706.04000000000	4468.76000000000
1533.15000000000	6658.99000000000	4459.51000000000
1542.85000000000	6721.57000000000	4487.57000000000
1526	6586.08000000000	4416.40000000000
1500.10000000000	6530.60000000000	4401.07000000000
1504.20000000000	6461.43000000000	4396.73000000000
1502.45000000000	6474.93000000000	4406.72000000000
1501.85000000000	6385.10000000000	4393.38000000000
1478.70000000000	6381.87000000000	4368.06000000000
1453.60000000000	6304.88000000000	4282.05000000000
1459.85000000000	6337.90000000000	4293.70000000000
1453.70000000000	6362.35000000000	4306.33000000000
1483.85000000000	6432.12000000000	4348.76000000000
1468.45000000000	6359.58000000000	4300.89000000000
1448.50000000000	6291.18000000000	4274.63000000000
1438.85000000000	6120.81000000000	4236.71000000000
1450.30000000000	6226.51000000000	4274.58000000000
1417	6070.87000000000	4184.87000000000
1416.75000000000	6155.31000000000	4211.04000000000
1432.20000000000	6262.11000000000	4266.50000000000
1431.50000000000	6180.48000000000	4239.40000000000
1424.25000000000	6140.66000000000	4226.60000000000
1456.70000000000	6306.24000000000	4322.62000000000
1465.50000000000	6349.11000000000	4336.53000000000
1484.25000000000	6432.45000000000	4399.97000000000
1477.65000000000	6386.57000000000	4373.91000000000
1465.15000000000	6315.21000000000	4334.97000000000
1479.75000000000	6493.80000000000	4403.70000000000
1489.30000000000	6485.63000000000	4413.37000000000
1505.45000000000	6554.94000000000	4447.81000000000
1517.30000000000	6565.37000000000	4475.68000000000
1513.20000000000	6536.86000000000	4440.64000000000
1495.10000000000	6559.80000000000	4467.52000000000
1470.20000000000	6364.20000000000	4388.07000000000
1485.60000000000	6396.96000000000	4387.48000000000
1462.60000000000	6277.82000000000	4321.41000000000
1451.40000000000	6279.29000000000	4325.87000000000
1461	6284.54000000000	4316.60000000000
1452.20000000000	6345.56000000000	4309.26000000000
1477.15000000000	6434.08000000000	4377.95000000000
1492.85000000000	6479.32000000000	4384.55000000000
1496.45000000000	6479.32000000000	4384.55000000000
1491.60000000000	6479.32000000000	4384.55000000000
1487.10000000000	6497.83000000000	4403.79000000000
1478.90000000000	6476.89000000000	4402.15000000000
1469.60000000000	6456.91000000000	4399.72000000000
1469.60000000000	6456.91000000000	4399.72000000000
1456.90000000000	6416.68000000000	4345.28000000000
1450.10000000000	6479.44000000000	4330.26000000000
1420.95000000000	6348.52000000000	4257.02000000000
1408.45000000000	6335.67000000000	4265.05000000000
1424	6356.49000000000	4317.48000000000
1397.25000000000	6272.70000000000	4264.38000000000
1403.10000000000	6222.69000000000	4243.68000000000
1411.80000000000	6202.04000000000	4229.09000000000
1411.90000000000	6215.69000000000	4250.90000000000
1387.50000000000	6025.58000000000	4151.34000000000
1367.60000000000	5942.88000000000	4105.51000000000
1361.50000000000	5902.41000000000	4088.85000000000
1337.65000000000	5901.70000000000	4039.51000000000
1325.20000000000	5578.23000000000	3727.37000000000
1315.75000000000	5740.11000000000	3797.32000000000
1298.45000000000	5609.35000000000	3797.32000000000
1341	5875.81000000000	3766.07000000000
1349.65000000000	5868.96000000000	3777.80000000000
1338.20000000000	5788.85000000000	3748.76000000000
1358	5885.24000000000	3785.94000000000
1361.35000000000	5837.31000000000	3800.24000000000
1352.05000000000	5879.78000000000	3776.38000000000
1379.40000000000	6029.18000000000	3841.48000000000
1386.85000000000	6026.21000000000	3866.02000000000
1355.30000000000	5868.03000000000	3729.02000000000
1345.95000000000	5875.37000000000	3748.85000000000
1328.15000000000	5724.12000000000	3713.47000000000
1336.90000000000	5784.01000000000	3706.77000000000
1327.25000000000	5707.69000000000	3674.05000000000
1361.10000000000	5909.97000000000	3798.60000000000
1354.25000000000	5880.06000000000	3796.48000000000
1361.05000000000	5879.30000000000	3818.79000000000
1343.45000000000	5787.61000000000	3720.15000000000
1350	5946.62000000000	3797.91000000000
1358.45000000000	5966.93000000000	3816.35000000000
1340.65000000000	5893.57000000000	3749.40000000000
1353.40000000000	5932.22000000000	3775.91000000000
1333.50000000000	5888.48000000000	3721.50000000000
1362.90000000000	5999.51000000000	3804.59000000000
1370.10000000000	6087.37000000000	3846.29000000000
1384.05000000000	6076.53000000000	3849.19000000000
1372.60000000000	5965.66000000000	3802.30000000000
1343.65000000000	5884.28000000000	3711.89000000000
1327.45000000000	5818.62000000000	3670.30000000000
1315.35000000000	5767.74000000000	3607.56000000000
1336.60000000000	5853.46000000000	3679.76000000000
1321	5766.39000000000	3618.66000000000
1306.15000000000	5699.91000000000	3585.11000000000
1283.70000000000	5629.08000000000	3548.65000000000
1288.05000000000	5690.39000000000	3599.07000000000
1325.50000000000	5776.41000000000	3647.85000000000
1301.50000000000	5692.41000000000	3585.96000000000
1293	5631.70000000000	3551.15000000000
1265.25000000000	5414.42000000000	3452.31000000000
1308.90000000000	5605.77000000000	3557.83000000000
1334.90000000000	5545.63000000000	3542.42000000000
1308.10000000000	5495.24000000000	3505.77000000000
1329.50000000000	5495.24000000000	3505.90000000000
1353.55000000000	5495.24000000000	3505.90000000000
1346.75000000000	5689.07000000000	3631.60000000000
1342.65000000000	5660.39000000000	3607.84000000000
1338.80000000000	5717.47000000000	3643.35000000000
1332.10000000000	5692.88000000000	3644.36000000000
1319.60000000000	5702.11000000000	3617.32000000000
1351.35000000000	5852.58000000000	3755.95000000000
1376.90000000000	5915.94000000000	3807.08000000000
1360.45000000000	5891.32000000000	3766.27000000000
1367.80000000000	5947.11000000000	3778.09000000000
1377.95000000000	6014.76000000000	3827.32000000000
1367.95000000000	5990.21000000000	3801.07000000000
1362.30000000000	5983.87000000000	3786.52000000000
1362.60000000000	5965.09000000000	3746.59000000000
1348.05000000000	5895.46000000000	3703.97000000000
1332.65000000000	5831.61000000000	3675.55000000000
1330.70000000000	5906.86000000000	3700.92000000000
1354.85000000000	6046.23000000000	3747.05000000000
1363.35000000000	5980.35000000000	3732.38000000000
1389.05000000000	6056.55000000000	3814.85000000000
1379.65000000000	6052.97000000000	3759.96000000000
1380.70000000000	6034.73000000000	3734.88000000000
1385.55000000000	6083.61000000000	3759.98000000000
1373.95000000000	6050.69000000000	3740.73000000000
1388.80000000000	6091.37000000000	3802.60000000000
1400.15000000000	6090.36000000000	3822.54000000000
1387.90000000000	6089.36000000000	3786.99000000000
1395.50000000000	6087.30000000000	3825.80000000000
1389.85000000000	6087.25000000000	3825.02000000000
1415.10000000000	6215.53000000000	3875.61000000000
1408.40000000000	6215.53000000000	3867.17000000000
1400.75000000000	6215.25000000000	3846.54000000000
1414.45000000000	6260.95000000000	3877.23000000000
1393	6270.81000000000	3835.88000000000
1390.30000000000	6204.69000000000	3807.89000000000
1393.90000000000	6220.65000000000	3811.04000000000
1397.75000000000	6211.85000000000	3813.21000000000
1414.65000000000	6215.99000000000	3860.67000000000
1411.55000000000	6251.82000000000	3851.46000000000
1416.50000000000	6304.25000000000	3856.94000000000
1432.70000000000	6376.49000000000	3871.92000000000
1417.30000000000	6191.61000000000	3825.65000000000
1411	6198.08000000000	3784.66000000000
1394.15000000000	6181.56000000000	3790.18000000000
1380.10000000000	6087.28000000000	3745.03000000000
1375.95000000000	6087.28000000000	3727.98000000000
1381.30000000000	6058.53000000000	3725.98000000000
1385.85000000000	6069.59000000000	3757.26000000000
1397.05000000000	6068.13000000000	3755.56000000000
1400.55000000000	6053.50000000000	3777.55000000000
1387.40000000000	6007.61000000000	3722.47000000000
1387.50000000000	6057.70000000000	3731.91000000000
1379.65000000000	5970.14000000000	3699.28000000000
1393.60000000000	5995.34000000000	3680.05000000000
1385.65000000000	5906.84000000000	3612.32000000000
1366.90000000000	5877.56000000000	3595.66000000000
1358.85000000000	5827.32000000000	3588.02000000000
1345.85000000000	5723.33000000000	3530.77000000000
1349	5790.51000000000	3538.02000000000
1351.85000000000	5802.78000000000	3555.79000000000
1361.15000000000	5794.56000000000	3536.48000000000
1361.50000000000	5861.92000000000	3564.32000000000
1335.30000000000	5756.85000000000	3503.58000000000
1337.90000000000	5708.36000000000	3509.46000000000
1324.35000000000	5620.77000000000	3420.63000000000
1319.05000000000	5667.23000000000	3433.73000000000
1314.25000000000	5634.74000000000	3399.04000000000
1327.35000000000	5666.12000000000	3460.39000000000
1299.95000000000	5518.23000000000	3370.22000000000
1280.35000000000	5529.95000000000	3339.91000000000
1285.75000000000	5625.90000000000	3344.36000000000
1278.50000000000	5479.93000000000	3297.54000000000
1290.95000000000	5426.32000000000	3309.86000000000
1266.50000000000	5476.57000000000	3324.50000000000
1262.90000000000	5412.75000000000	3281.15000000000
1268.35000000000	5512.71000000000	3332.47000000000
1246.80000000000	5440.51000000000	3278.72000000000
1274.85000000000	5529.60000000000	3334.05000000000
1242.10000000000	5406.76000000000	3277.04000000000
1235.85000000000	5261.60000000000	3224.09000000000
1242.80000000000	5300.37000000000	3227.10000000000
1210.55000000000	5171.91000000000	3130.22000000000
1224.95000000000	5150.62000000000	3170.67000000000
1246.95000000000	5286.27000000000	3251.07000000000
1258.70000000000	5376.37000000000	3302.19000000000
1263.05000000000	5404.34000000000	3340.45000000000
1256.45000000000	5364.15000000000	3309.08000000000
1286	5449.89000000000	3383.49000000000
1272.55000000000	5362.26000000000	3363.82000000000
1262.65000000000	5352.56000000000	3364.82000000000
1254.85000000000	5312.60000000000	3323.53000000000
1249.30000000000	5319.23000000000	3332.89000000000
1275.10000000000	5420.70000000000	3363.74000000000
1284.70000000000	5411.90000000000	3378.03000000000
1261.25000000000	5354.67000000000	3315.47000000000
1250.05000000000	5320.22000000000	3290.08000000000
1267.95000000000	5454.47000000000	3380.97000000000
1277.45000000000	5486.13000000000	3397.14000000000
1280.70000000000	5477.49000000000	3405
1282.65000000000	5489.16000000000	3401.78000000000
1297.50000000000	5541.78000000000	3437.02000000000
1296.35000000000	5534.46000000000	3423.36000000000
1281.45000000000	5448.63000000000	3365.83000000000
1291.40000000000	5497.45000000000	3353.67000000000
1300.55000000000	5454.77000000000	3363.17000000000
1294.70000000000	5450.19000000000	3368.83000000000
1267.05000000000	5320.36000000000	3286.58000000000
1275.65000000000	5371.77000000000	3302.34000000000
1268.60000000000	5370.19000000000	3257.81000000000
1289.90000000000	5505.56000000000	3308.04000000000
1278.05000000000	5505.56000000000	3288.29000000000
1273.80000000000	5470.65000000000	3304.19000000000
1277.30000000000	5528.15000000000	3304.96000000000
1292.40000000000	5601.15000000000	3365.50000000000
1287.50000000000	5636.61000000000	3360.80000000000
1282.85000000000	5602.82000000000	3377.16000000000
1294.30000000000	5620.70000000000	3414.52000000000
1274.40000000000	5499.68000000000	3381.66000000000
1254.20000000000	5362.06000000000	3299.28000000000
1218.95000000000	5240.68000000000	3182.17000000000
1259.80000000000	5446.28000000000	3277.38000000000
1249.55000000000	5415.61000000000	3257.37000000000
1225.65000000000	5366.22000000000	3238.94000000000
1225.55000000000	5318.36000000000	3217.27000000000
1245.65000000000	5416.73000000000	3254.28000000000
1233.65000000000	5204.18000000000	3156.12000000000
1195.75000000000	5025.59000000000	3106.20000000000
1182.60000000000	4912.36000000000	3050.98000000000
1164.40000000000	4879.99000000000	3011.56000000000
1238.50000000000	5311.33000000000	3212.69000000000
1237.65000000000	5236.26000000000	3224.97000000000
1210.05000000000	5136.12000000000	3126.67000000000
1194.10000000000	5095.57000000000	3127.69000000000
1204.65000000000	5197.02000000000	3194.95000000000
1197.90000000000	5088.47000000000	3181.40000000000
1172.60000000000	4818.77000000000	3031.34000000000
1138.65000000000	4902.45000000000	3023.86000000000
1144.05000000000	4959.59000000000	3037.92000000000
1131.25000000000	4870.34000000000	3018.94000000000
1145.30000000000	4980.25000000000	3114.88000000000
1040.30000000000	4589.19000000000	2894.10000000000
1056.25000000000	4605.22000000000	2904.36000000000
992.350000000000	4366.69000000000	2709.04000000000
972.050000000000	4313.80000000000	2655.30000000000
878.350000000000	3932.06000000000	2451.73000000000
949.050000000000	4256.90000000000	2624.12000000000
1006.10000000000	4394.21000000000	2738.48000000000
950.800000000000	4079.59000000000	2579.47000000000
878.150000000000	3861.39000000000	2421.32000000000
947.900000000000	4063.01000000000	2522.17000000000
954.850000000000	4282.67000000000	2605.95000000000
974.050000000000	4229.73000000000	2590.09000000000
928.300000000000	4040.89000000000	2474
921.150000000000	4087.83000000000	2462.29000000000
871.750000000000	3883.36000000000	2274.42000000000
869.800000000000	3852.59000000000	2299.75000000000
858.450000000000	3926.38000000000	2326.89000000000
941.250000000000	4242.54000000000	2515.19000000000
932.550000000000	4291.65000000000	2500.01000000000
963.750000000000	4377.34000000000	2591.34000000000
969.150000000000	4443.28000000000	2605.03000000000
999.450000000000	4639.50000000000	2725.48000000000
993.400000000000	4530.73000000000	2724.75000000000
930.300000000000	4272.41000000000	2563.50000000000
922.750000000000	4364.96000000000	2609.59000000000
935.600000000000	4403.92000000000	2631.78000000000
889.350000000000	4246.69000000000	2484.70000000000
872	4182.02000000000	2402.42000000000
855.900000000000	4169.21000000000	2430.73000000000
882.600000000000	4232.97000000000	2458.17000000000
851.050000000000	4132.16000000000	2350.33000000000
857.900000000000	4208.55000000000	2379.21000000000
840.600000000000	4005.68000000000	2305.64000000000
798.250000000000	3874.99000000000	2220.29000000000
747.850000000000	3780.96000000000	2140.41000000000
834.350000000000	4152.96000000000	2339.53000000000
849.650000000000	4171.25000000000	2385.97000000000
857.850000000000	4152.69000000000	2368.43000000000
887.700000000000	4226.10000000000	2424.27000000000
885.450000000000	4288.01000000000	2414.08000000000
848.650000000000	4065.49000000000	2315.99000000000
837.050000000000	4122.86000000000	2347.12000000000
857.400000000000	4169.96000000000	2340.43000000000
874.950000000000	4163.61000000000	2388.24000000000
823.700000000000	4049.37000000000	2250.60000000000
909.450000000000	4300.06000000000	2448.61000000000
913.500000000000	4381.26000000000	2501.70000000000
895.550000000000	4367.28000000000	2480.92000000000
898.050000000000	4388.69000000000	2500.18000000000
870.200000000000	4280.35000000000	2438.06000000000
866.150000000000	4277.56000000000	2398.14000000000
881.400000000000	4309.08000000000	2438.59000000000
905.500000000000	4324.19000000000	2440.16000000000
908.900000000000	4330.66000000000	2458.67000000000
900.450000000000	4286.93000000000	2460.39000000000
881.350000000000	4249.16000000000	2413.73000000000
876.050000000000	4255.98000000000	2413.51000000000
866.600000000000	4216.59000000000	2382.14000000000
865.400000000000	4216.59000000000	2382.14000000000
869.750000000000	4216.59000000000	2382.14000000000
862.750000000000	4319.35000000000	2374.01000000000
876.900000000000	4392.68000000000	2419.22000000000
898.450000000000	4434.17000000000	2451.48000000000
903.250000000000	4434.17000000000	2451.48000000000
915.700000000000	4561.79000000000	2521.28000000000
931.150000000000	4579.64000000000	2549.77000000000
930.900000000000	4638.92000000000	2573.96000000000
915.150000000000	4507.51000000000	2526.07000000000
904.700000000000	4505.37000000000	2520.42000000000
894.600000000000	4448.54000000000	2482.43000000000
880	4426.19000000000	2459.96000000000
874	4399.15000000000	2411.09000000000
840.850000000000	4180.64000000000	2295.26000000000
823.450000000000	4121.11000000000	2248.54000000000
850	4147.06000000000	2301.08000000000
850.100000000000	4108.47000000000	2230.60000000000
827.150000000000	4091.40000000000	2201.19000000000
805.300000000000	4059.88000000000	2170.86000000000
820.850000000000	4052.23000000000	2162.26000000000
814.950000000000	4052.47000000000	2126.89000000000
848.450000000000	4209.01000000000	2222.12000000000
840.450000000000	4194.41000000000	2199.03000000000
866.100000000000	4295.20000000000	2320.89000000000
862.150000000000	4190.11000000000	2280.67000000000
834.950000000000	4149.64000000000	2231.23000000000
821	4077.78000000000	2201.23000000000
827.950000000000	4164.46000000000	2229.43000000000
849.400000000000	4228.60000000000	2307.48000000000
836.450000000000	4228.93000000000	2277.65000000000
859.450000000000	4291.87000000000	2347.43000000000
874.850000000000	4307.61000000000	2357.72000000000
859.500000000000	4213.08000000000	2315.01000000000
833.650000000000	4234.26000000000	2262.15000000000
819.550000000000	4202.24000000000	2212.50000000000
837.500000000000	4189.59000000000	2242.12000000000
826.850000000000	4134.75000000000	2204.59000000000
797.800000000000	4034.13000000000	2122.72000000000
786	4006.83000000000	2103.54000000000
788.850000000000	4018.37000000000	2110.53000000000
767.500000000000	3889.06000000000	2031.88000000000
759.800000000000	3850.73000000000	1986.34000000000
754.250000000000	3816.44000000000	1981.26000000000
754.750000000000	3848.98000000000	1941.63000000000
778.100000000000	3915.64000000000	2033.19000000000
743.300000000000	3830.09000000000	1967.24000000000
714.800000000000	3625.83000000000	1901.20000000000
702.750000000000	3512.09000000000	1882.74000000000
