            11241
            10924
            11206
            10957
            11717
            12412
            12668
            13032
            12719
            13389
            13410
            13435
            13088
            13783
            13840
            13933
            14552
            14971
            15624
            16420
            17290
            17532
            18196
            18573
            18392
            18771
            19555
            20485
            20195
            19961
            20822
            21565
            22526
            22982
            22666
            23007
            22347
            23146
            24593
            25382
            26024
            26664
            27514
            28221
            28429
            28007
            28556
            28941
            29741
            30128
            30880
            31886
            32833
            33904
            34755
            34645
            34837
            35361
            36300
            37052
            37752