880203	0	-0.0110000000000000	-0.00500000000000000
880204	0	0	-0.00100000000000000
880205	0	-0.00300000000000000	-0.00300000000000000
880208	0	-0.00700000000000000	-0.00300000000000000
880209	0	0.0100000000000000	-0.00100000000000000
880210	0	0.0180000000000000	0.0130000000000000
880211	0	-0.00100000000000000	0.00200000000000000
880212	0	0.00600000000000000	-0.00300000000000000
880216	0	0.00800000000000000	0.0170000000000000
880217	0	-0.00200000000000000	0.00400000000000000
880218	0	-0.00400000000000000	0.00500000000000000
880219	0	0.0120000000000000	0.00600000000000000
880222	0	0.0130000000000000	0.0130000000000000
880223	0	-0.00100000000000000	0.00300000000000000
880224	0	0	0.00200000000000000
880225	0	-0.00800000000000000	0.00300000000000000
880226	0	0.00300000000000000	0.00100000000000000
880229	0	0.0190000000000000	0.00900000000000000
880301	0	-0.00200000000000000	0.00400000000000000
880302	0	0.00400000000000000	0.00400000000000000
880303	0	0	-0.00100000000000000
880304	0	-0.00200000000000000	0
880307	0	0.00100000000000000	0.00500000000000000
880308	0	0.00700000000000000	0.00100000000000000
880309	0	0	0.00400000000000000
880310	0	-0.0170000000000000	-0.00500000000000000
880311	0	0.00300000000000000	-0.00100000000000000
880314	0	0.00400000000000000	0
880315	0	0	0.00200000000000000
880316	0	0.00800000000000000	0.00700000000000000
880317	0	0.00900000000000000	0.00400000000000000
880318	0	0	0.00400000000000000
880321	0	-0.00700000000000000	0.00200000000000000
880322	0	0	-0.00400000000000000
880323	0	0.00200000000000000	0.00400000000000000
880324	0	-0.0180000000000000	-0.00800000000000000
880325	0	-0.0160000000000000	-0.0120000000000000
880328	0	-0.00300000000000000	-0.00100000000000000
880329	0	0.00700000000000000	0.0100000000000000
880330	0	-0.00600000000000000	0.00300000000000000
880331	0	0.00300000000000000	0.00400000000000000
880404	0	-0.00900000000000000	-0.00400000000000000
880405	0	0.00700000000000000	-0.00300000000000000
880406	0	0.0230000000000000	0.0120000000000000
880407	0	0.00300000000000000	0.00400000000000000
880408	0	0.0110000000000000	0.00700000000000000
880411	0	0.00300000000000000	0.00200000000000000
880412	0	0.00500000000000000	0.00300000000000000
880413	0	0	0.00200000000000000
880414	0	-0.0390000000000000	-0.00300000000000000
880415	0	-0.00100000000000000	-0.00700000000000000
880418	0	-0.00100000000000000	-0.00600000000000000
880419	0	-0.00400000000000000	-0.00100000000000000
880420	0	-0.00700000000000000	0
880421	0	0	-0.00300000000000000
880422	0	0.0120000000000000	0
880425	0	0.00800000000000000	0.00800000000000000
880426	0	0.00600000000000000	0.00400000000000000
880427	0	0	-0.00400000000000000
880428	0	-0.00400000000000000	0.00400000000000000
880429	0	-0.00300000000000000	-0.00300000000000000
880502	0	0	0.00200000000000000
880503	0	0.00500000000000000	0.00400000000000000
880504	0	-0.00800000000000000	-0.00500000000000000
880505	0	-0.00500000000000000	-0.00100000000000000
880506	0	-0.00400000000000000	-0.00600000000000000
880509	0	-0.00300000000000000	-0.00600000000000000
880510	0	0.00300000000000000	0.00300000000000000
880511	0	-0.0150000000000000	-0.0110000000000000
880512	0	0.00300000000000000	-0.00100000000000000
880513	0	0.0100000000000000	0.00700000000000000
880516	0	0.00600000000000000	0.00600000000000000
880517	0	-0.0100000000000000	-0.00600000000000000
880518	0	-0.0150000000000000	-0.00600000000000000
880519	0	0.00300000000000000	-0.00400000000000000
880520	0	0.00200000000000000	0
880523	0	-0.00700000000000000	-0.00500000000000000
880524	0	0.00900000000000000	0.00500000000000000
880525	0	0.00200000000000000	0.00300000000000000
880526	0	0.00300000000000000	-0.00200000000000000
880527	0	-0.00400000000000000	-0.00800000000000000
880531	0	0.0290000000000000	0.0100000000000000
880601	0	0.0170000000000000	0.0120000000000000
880602	0	-0.00400000000000000	-0.00500000000000000
880603	0	0.00400000000000000	0.00500000000000000
880606	0	0.00200000000000000	0.00500000000000000
880607	0	-0.00500000000000000	0
880608	0	0.0200000000000000	0.0100000000000000
880609	0	-0.00200000000000000	0.00600000000000000
880610	0	0.00300000000000000	0.00100000000000000
880613	0	0.00100000000000000	0
880614	0	0.00900000000000000	-0.00100000000000000
880615	0	0.00100000000000000	0.00300000000000000
880616	0	-0.0140000000000000	-0.00500000000000000
880617	0	0.00200000000000000	0
880620	0	-0.00500000000000000	-0.00700000000000000
880621	0	0.00900000000000000	0
880622	0	0.0130000000000000	-0.00300000000000000
880623	0	-0.00100000000000000	-0.00400000000000000
880624	0	-0.00200000000000000	-0.00800000000000000
880627	0	-0.0140000000000000	-0.0170000000000000
880628	0	0.0100000000000000	0.00800000000000000
880629	0	-0.00400000000000000	-0.0100000000000000
880630	0	0.00900000000000000	0.00600000000000000
880701	0	-0.00400000000000000	-0.00700000000000000
880705	0	0.0120000000000000	0.00500000000000000
880706	0	-0.0120000000000000	0.00500000000000000
880707	0	0	0.00700000000000000
880708	0	-0.00500000000000000	0
880711	0	0.00100000000000000	-0.00300000000000000
880712	0	-0.00800000000000000	-0.00300000000000000
880713	0	0.00400000000000000	-0.00300000000000000
880714	0	0.00300000000000000	0.00200000000000000
880715	0	0.00500000000000000	-0.00900000000000000
880718	0	-0.00500000000000000	-0.00700000000000000
880719	0	-0.00700000000000000	-0.00500000000000000
880720	0	0.00500000000000000	0.0150000000000000
880721	0	-0.0100000000000000	0.00300000000000000
880722	0	-0.0110000000000000	-0.00400000000000000
880725	0	0.00300000000000000	-0.00300000000000000
880726	0	0.00200000000000000	0
880727	0	-0.00800000000000000	0.00800000000000000
880728	0	0.0110000000000000	0.00300000000000000
880729	0	0.0180000000000000	0.0120000000000000
880801	0	0.00200000000000000	0.00600000000000000
880802	0	0	0
880803	0	0.00300000000000000	-0.00200000000000000
880804	0	-0.00200000000000000	-0.00400000000000000
880805	0	-0.00300000000000000	-0.00400000000000000
880808	0	-0.00300000000000000	-0.00300000000000000
880809	0	-0.0110000000000000	-0.0100000000000000
880810	0	-0.0160000000000000	-0.0200000000000000
880811	0	0.00200000000000000	0.00700000000000000
880812	0	-0.00100000000000000	0.00500000000000000
880815	0	-0.0120000000000000	-0.00700000000000000
880816	0	0.00600000000000000	0.00500000000000000
880817	0	0.00100000000000000	0
880818	0	0.00100000000000000	0
880819	0	-0.00100000000000000	0.00200000000000000
880822	0	-0.0110000000000000	-0.0110000000000000
880823	0	0	-0.00300000000000000
880824	0	0.0130000000000000	0
880825	0	-0.00600000000000000	0
880826	0	0.00200000000000000	-0.00600000000000000
880829	0	0.00900000000000000	-0.00400000000000000
880830	0	0.00100000000000000	0
880831	0	-0.00200000000000000	-0.0120000000000000
880901	0	-0.0110000000000000	-0.0140000000000000
880902	0	0.0200000000000000	0.0100000000000000
880906	0	0.00400000000000000	0.0140000000000000
880907	0	0.00100000000000000	0.00800000000000000
880908	0	0.00100000000000000	0.00100000000000000
880909	0	0.00300000000000000	0.00100000000000000
880912	0	-0.00100000000000000	0.00100000000000000
880913	0	0.00300000000000000	0.00600000000000000
880914	0	0.00600000000000000	-0.00200000000000000
880915	0	-0.00300000000000000	0.00100000000000000
880916	0	0.00700000000000000	0.00300000000000000
880919	0	-0.00500000000000000	0
880920	0	0.00300000000000000	-0.00400000000000000
880921	0	0.00200000000000000	0.00100000000000000
880922	0	-0.00400000000000000	-0.00500000000000000
880923	0	0.00200000000000000	0.00100000000000000
880926	0	-0.00200000000000000	-0.00500000000000000
880927	0	-0.00200000000000000	0.00600000000000000
880928	0	0.00300000000000000	0.00600000000000000
880929	0	0.0110000000000000	0.00600000000000000
880930	0	-0.00100000000000000	0.00400000000000000
881003	0	-0.00200000000000000	-0.00300000000000000
881004	0	-0.00200000000000000	0.00200000000000000
881005	0	0.00400000000000000	-0.00200000000000000
881006	0	0.00200000000000000	-0.00300000000000000
881007	0	0.0180000000000000	0.0110000000000000
881010	0	0.00100000000000000	0.00600000000000000
881011	0	-0.00100000000000000	0.00700000000000000
881012	0	-0.0120000000000000	0.00100000000000000
881013	0	0.00300000000000000	0.00900000000000000
881014	0	0.00100000000000000	0.00600000000000000
881017	0	0.00200000000000000	0.00400000000000000
881018	0	0.00900000000000000	0.00100000000000000
881019	0	-0.00700000000000000	0.00100000000000000
881020	0	0.0170000000000000	0.0100000000000000
881021	0	0.00200000000000000	0.00500000000000000
881024	0	-0.00300000000000000	-0.00600000000000000
881025	0	0	0.00200000000000000
881026	0	-0.00300000000000000	0.00600000000000000
881027	0	-0.0130000000000000	-0.00200000000000000
881028	0	0.00400000000000000	0.00100000000000000
881031	0	0.00100000000000000	0.00800000000000000
881101	0	0.00100000000000000	-0.00200000000000000
881102	0	0	0.00200000000000000
881103	0	0.00100000000000000	0.00200000000000000
881104	0	-0.00800000000000000	-0.0100000000000000
881107	0	-0.00900000000000000	-0.00500000000000000
881108	0	0.00400000000000000	0.00500000000000000
881109	0	-0.00500000000000000	0.00800000000000000
881110	0	0.00100000000000000	0.00300000000000000
881111	0	-0.0180000000000000	0.00600000000000000
881114	0	-0.00200000000000000	-0.00600000000000000
881115	0	0.00200000000000000	0.00600000000000000
881116	0	-0.0150000000000000	-0.00100000000000000
881117	0	0.00100000000000000	0.00100000000000000
881118	0	0.00700000000000000	0.00500000000000000
881121	0	0	0.00600000000000000
881122	0	0.00300000000000000	0.00600000000000000
881123	0	0.00600000000000000	0.00600000000000000
881125	0	-0.00500000000000000	-0.00200000000000000
881128	0	0.00400000000000000	-0.0120000000000000
881129	0	0.00800000000000000	0.0100000000000000
881130	0	0.00900000000000000	0.00600000000000000
881201	0	-0.00200000000000000	0
881202	0	-0.00200000000000000	-0.00500000000000000
881205	0	0.00900000000000000	0.00800000000000000
881206	0	0.00900000000000000	0.00300000000000000
881207	0	0.00200000000000000	-0.00200000000000000
881208	0	-0.00500000000000000	-0.00300000000000000
881209	0	0.00200000000000000	0.00100000000000000
881212	0	-0.00100000000000000	-0.00500000000000000
881213	0	-0.00100000000000000	-0.00400000000000000
881214	0	-0.00300000000000000	0.00400000000000000
881215	0	-0.00300000000000000	-0.00400000000000000
881216	0	0.00600000000000000	-0.00500000000000000
881219	0	0.00800000000000000	0.00300000000000000
881220	0	-0.00300000000000000	-0.00400000000000000
881221	0	0	0.00600000000000000
881222	0	-0.00100000000000000	0.00200000000000000
881223	0	0.00400000000000000	0.00100000000000000
881227	0	-0.00300000000000000	0.00800000000000000
881228	0	0.00200000000000000	-0.00200000000000000
881229	0	0.00700000000000000	0.00400000000000000
881230	0	-0.00300000000000000	0.00200000000000000
890103	0	-0.00800000000000000	0.00600000000000000
890104	0	0.0130000000000000	0
890105	0	0.00300000000000000	-0.00100000000000000
890106	0	0.00300000000000000	-0.00400000000000000
890109	0	0.00200000000000000	0.00700000000000000
890110	0	-0.00200000000000000	0.00700000000000000
890111	0	0.00500000000000000	0.00500000000000000
890112	0	0.00400000000000000	0.00300000000000000
890113	0	0.00200000000000000	0.00100000000000000
890116	0	0.00200000000000000	-0.00700000000000000
890117	0	-0.00100000000000000	-0.00100000000000000
890118	0	0.00900000000000000	0.00600000000000000
890119	0	0.00100000000000000	-0.00900000000000000
890120	0	0	0.00300000000000000
890123	0	-0.00600000000000000	0
890124	0	0.0110000000000000	0.0150000000000000
890125	0	0.00200000000000000	-0.00100000000000000
890126	0	0.00800000000000000	0.00300000000000000
890127	0	0.00700000000000000	0.00200000000000000
890130	0	0.00300000000000000	-0.00100000000000000
890131	0	0.00800000000000000	0.00100000000000000
890201	0	0	-0.00500000000000000
890202	0	0	0.00200000000000000
890203	0	0.00100000000000000	0.00400000000000000
890206	0	-0.00100000000000000	-0.00100000000000000
890207	0	0.0110000000000000	0.00700000000000000
890208	0	-0.00100000000000000	0.00400000000000000
890209	0	-0.00700000000000000	0
890210	0	-0.0120000000000000	-0.00500000000000000
890213	0	0.00100000000000000	-0.00600000000000000
890214	0	-0.00100000000000000	0.00500000000000000
890215	0	0.00800000000000000	0.0100000000000000
890216	0	0.00200000000000000	-0.00300000000000000
890217	0	0.00600000000000000	0.00300000000000000
890221	0	-0.00200000000000000	-0.0100000000000000
890222	0	-0.0150000000000000	-0.00100000000000000
890223	0	0.00300000000000000	0.00500000000000000
890224	0	-0.0140000000000000	-0.00600000000000000
890227	0	0.00100000000000000	-0.00800000000000000
890228	0	0.00400000000000000	-0.00200000000000000
890301	0	-0.00400000000000000	-0.00800000000000000
890302	0	0.00900000000000000	0.00300000000000000
890303	0	0.00400000000000000	0.00400000000000000
890306	0	0.0100000000000000	0
890307	0	-0.00100000000000000	-0.00100000000000000
890308	0	0.00100000000000000	-0.00100000000000000
890309	0	0	-0.00600000000000000
890310	0	-0.00300000000000000	-0.00200000000000000
890313	0	0.00700000000000000	-0.00100000000000000
890314	0	0	0.00500000000000000
890315	0	0.00400000000000000	0.00600000000000000
890316	0	0.00800000000000000	0.00100000000000000
890317	0	-0.0200000000000000	-0.0150000000000000
890320	0	-0.00900000000000000	-0.0130000000000000
890321	0	0.00400000000000000	0.00600000000000000
890322	0	-0.00200000000000000	-0.00600000000000000
890323	0	-0.00400000000000000	0.00400000000000000
890327	0	0.00400000000000000	-0.00900000000000000
890328	0	0.00300000000000000	0.0130000000000000
890329	0	0.00200000000000000	0.00500000000000000
890330	0	0.00100000000000000	0.00200000000000000
890331	0	0.00800000000000000	0.00500000000000000
890403	0	0.00500000000000000	0.00500000000000000
890404	0	-0.00200000000000000	0.00900000000000000
890405	0	0.00300000000000000	0.00100000000000000
890406	0	-0.00300000000000000	-0.0100000000000000
890407	0	0.00600000000000000	0.00100000000000000
890410	0	0	-0.00600000000000000
890411	0	0.00400000000000000	0.00400000000000000
890412	0	0.00200000000000000	-0.00100000000000000
890413	0	-0.00700000000000000	-0.00100000000000000
890414	0	0.0140000000000000	0.00600000000000000
890417	0	0.00100000000000000	0.00600000000000000
890418	0	0.0120000000000000	0.00600000000000000
890419	0	0.00400000000000000	-0.00200000000000000
890420	0	-0.00200000000000000	-0.00400000000000000
890421	0	0.00800000000000000	0.00300000000000000
890424	0	-0.00100000000000000	-0.00400000000000000
890425	0	-0.00400000000000000	0.00200000000000000
890426	0	0.00100000000000000	-0.00100000000000000
890427	0	0.00700000000000000	0.00500000000000000
890428	0	0.00100000000000000	0.00100000000000000
890501	0	-0.00100000000000000	-0.00200000000000000
890502	0	-0.00200000000000000	0.00200000000000000
890503	0	0	-0.00100000000000000
890504	0	0	0.00100000000000000
890505	0	0	0
890508	0	-0.00500000000000000	-0.00100000000000000
890509	0	-0.00200000000000000	-0.00400000000000000
890510	0	0.00200000000000000	0.00200000000000000
890511	0	0.00300000000000000	0
890512	0	0.0190000000000000	0.00400000000000000
890515	0	0.00700000000000000	-0.0100000000000000
890516	0	-0.00100000000000000	0.00300000000000000
890517	0	0.00600000000000000	-0.00600000000000000
890518	0	0.00200000000000000	-0.00200000000000000
890519	0	0.00800000000000000	0.00800000000000000
890522	0	0.00300000000000000	-0.0150000000000000
890523	0	-0.00900000000000000	-0.00500000000000000
890524	0	0.00200000000000000	-0.00500000000000000
890525	0	0.00100000000000000	0.00500000000000000
890526	0	0.00700000000000000	0.0130000000000000
890530	0	-0.00600000000000000	-0.0160000000000000
890531	0	0.00400000000000000	0.00300000000000000
890601	0	0.00500000000000000	0.00100000000000000
890602	0	0.0100000000000000	0.00400000000000000
890605	0	-0.00800000000000000	-0.00700000000000000
890606	0	0.00500000000000000	-0.00500000000000000
890607	0	0.00800000000000000	0.00800000000000000
890608	0	0	0.00200000000000000
890609	0	0	-0.0110000000000000
890612	0	-0.00100000000000000	-0.0130000000000000
890613	0	-0.00600000000000000	-0.00700000000000000
890614	0	0	0.00300000000000000
890615	0	-0.0100000000000000	-0.0170000000000000
890616	0	0.00300000000000000	0.0200000000000000
890619	0	0.00200000000000000	0.00400000000000000
890620	0	-0.00100000000000000	0.00700000000000000
890621	0	-0.00200000000000000	-0.00200000000000000
890622	0	0.00400000000000000	0.0170000000000000
890623	0	0.0150000000000000	0.0140000000000000
890626	0	-0.00300000000000000	-0.00600000000000000
890627	0	0.00500000000000000	0.00200000000000000
890628	0	-0.00600000000000000	-0.0130000000000000
890629	0	-0.0180000000000000	-0.00800000000000000
890630	0	-0.00400000000000000	-0.00800000000000000
890703	0	0.00400000000000000	0.0120000000000000
890705	0	0.00400000000000000	0.0140000000000000
890706	0	0.00400000000000000	0.00800000000000000
890707	0	0.0100000000000000	0.00700000000000000
890710	0	0.00600000000000000	0.00800000000000000
890711	0	0.00500000000000000	0
890712	0	0.00300000000000000	0.00300000000000000
890713	0	0.00100000000000000	0.00400000000000000
890714	0	0.00400000000000000	-0.00300000000000000
890717	0	0.00200000000000000	-0.00700000000000000
890718	0	-0.00200000000000000	-0.00100000000000000
890719	0	0.0110000000000000	0.00700000000000000
890720	0	-0.00500000000000000	0.00100000000000000
890721	0	0.00500000000000000	0.00800000000000000
890724	0	-0.00500000000000000	-0.00500000000000000
890725	0	0.00100000000000000	0.00700000000000000
890726	0	0.0110000000000000	0.0120000000000000
890727	0	0.0100000000000000	0.0140000000000000
890728	0	0.00100000000000000	-0.00100000000000000
890731	0	0.0100000000000000	0.0170000000000000
890801	0	-0.00500000000000000	-0.00200000000000000
890802	0	0.00200000000000000	0.00600000000000000
890803	0	0.00200000000000000	-0.0110000000000000
890804	0	-0.00200000000000000	-0.00600000000000000
890807	0	0.0130000000000000	0.00300000000000000
890808	0	0.00100000000000000	0.00700000000000000
890809	0	-0.00500000000000000	0.00100000000000000
890810	0	0.00400000000000000	0.00200000000000000
890811	0	-0.00800000000000000	-0.0130000000000000
890814	0	-0.00500000000000000	-0.00800000000000000
890815	0	0.00400000000000000	0
890816	0	0.00300000000000000	0.00300000000000000
890817	0	-0.00300000000000000	-0.00600000000000000
890818	0	0.00300000000000000	0.00400000000000000
890821	0	-0.0130000000000000	-0.00300000000000000
890822	0	0	-0.00300000000000000
890823	0	0.00900000000000000	0.00300000000000000
890824	0	0.0170000000000000	0.00400000000000000
890825	0	-0.00200000000000000	-0.00100000000000000
890828	0	0.00300000000000000	-0.00400000000000000
890829	0	-0.00500000000000000	0.00200000000000000
890830	0	0.00300000000000000	0.00100000000000000
890831	0	0.00200000000000000	-0.00500000000000000
890901	0	0.00600000000000000	0
890905	0	-0.00200000000000000	-0.00500000000000000
890906	0	-0.00800000000000000	-0.00400000000000000
890907	0	-0.00200000000000000	-0.00600000000000000
890908	0	0.00100000000000000	0.00200000000000000
890911	0	-0.00300000000000000	-0.00500000000000000
890912	0	0.00300000000000000	0.00500000000000000
890913	0	-0.00800000000000000	-0.00300000000000000
890914	0	-0.00700000000000000	0.00100000000000000
890915	0	0.00300000000000000	-0.00700000000000000
890918	0	0.00400000000000000	0.0120000000000000
890919	0	0.00100000000000000	0.00200000000000000
890920	0	0	0.00200000000000000
890921	0	-0.00100000000000000	0.00100000000000000
890922	0	0.00300000000000000	-0.00200000000000000
890925	0	-0.00700000000000000	0.0140000000000000
890926	0	0.00100000000000000	0.00800000000000000
890927	0	0.00100000000000000	0.00400000000000000
890928	0	0.00900000000000000	0.00300000000000000
890929	0	0.00300000000000000	0.00500000000000000
891002	0	0.00500000000000000	-0.00100000000000000
891003	0	0.0100000000000000	-0.00200000000000000
891004	0	0.00600000000000000	-0.00100000000000000
891005	0	0.00100000000000000	-0.00200000000000000
891006	0	0.00500000000000000	-0.00500000000000000
891009	0	0.00200000000000000	0.00100000000000000
891010	0	-0.00100000000000000	-0.00600000000000000
891011	0	-0.00600000000000000	-0.00900000000000000
891012	0	-0.00400000000000000	-0.00400000000000000
891013	0	-0.0580000000000000	-0.0160000000000000
891016	0	0.0200000000000000	-0.00500000000000000
891017	0	-0.00400000000000000	0.00800000000000000
891018	0	0.00200000000000000	0.00300000000000000
891019	0	0.0150000000000000	0.0130000000000000
891020	0	0	0
891023	0	-0.00600000000000000	0
891024	0	-0.00400000000000000	-0.00300000000000000
891025	0	-0.00300000000000000	-0.00200000000000000
891026	0	-0.0110000000000000	-0.00200000000000000
891027	0	-0.00900000000000000	-0.0100000000000000
891030	0	0	0.00100000000000000
891031	0	0.0140000000000000	0.00800000000000000
891101	0	0.00300000000000000	-0.00100000000000000
891102	0	-0.00600000000000000	-0.00500000000000000
891103	0	-0.00200000000000000	0
891106	0	-0.0130000000000000	-0.00800000000000000
891107	0	0.00500000000000000	-0.00100000000000000
891108	0	0.00900000000000000	0.00800000000000000
891109	0	-0.00300000000000000	0.00400000000000000
891110	0	0.00600000000000000	0.00200000000000000
891113	0	0.00200000000000000	0
891114	0	-0.00400000000000000	-0.00100000000000000
891115	0	0.00600000000000000	0.00500000000000000
891116	0	0.00100000000000000	0
891117	0	0.00300000000000000	-0.00100000000000000
891120	0	-0.00600000000000000	-0.00400000000000000
891121	0	0	0.00200000000000000
891122	0	0.00600000000000000	0.00600000000000000
891124	0	0.00600000000000000	0.00900000000000000
891127	0	0.00400000000000000	0.00900000000000000
891128	0	0.00100000000000000	0.00100000000000000
891129	0	-0.00500000000000000	0.00500000000000000
891130	0	0.00500000000000000	0.00700000000000000
891201	0	0.0120000000000000	0.00400000000000000
891204	0	0.00300000000000000	0.00500000000000000
891205	0	-0.00400000000000000	0
891206	0	-0.00200000000000000	0.00500000000000000
891207	0	-0.00200000000000000	-0.00200000000000000
891208	0	0.00200000000000000	0
891211	0	0	0
891212	0	0.00800000000000000	0.00500000000000000
891213	0	0.00300000000000000	0.00600000000000000
891214	0	-0.00500000000000000	-0.00500000000000000
891215	0	-0.00300000000000000	0.00100000000000000
891218	0	-0.0170000000000000	-0.00500000000000000
891219	0	-0.00400000000000000	-0.00700000000000000
891220	0	0.00100000000000000	0
891221	0	0.00500000000000000	0.00200000000000000
891222	0	0.00800000000000000	0.00600000000000000
891226	0	-0.00100000000000000	0.0100000000000000
891227	0	0.00500000000000000	0.00700000000000000
891228	0	0.00500000000000000	-0.00200000000000000
891229	0	0.00700000000000000	0.00300000000000000
900102	0	0.0150000000000000	0.00300000000000000
900103	0	0	0
900104	0	-0.00700000000000000	0.00300000000000000
900105	0	-0.00800000000000000	-0.00800000000000000
900108	0	0.00300000000000000	0.00300000000000000
900109	0	-0.0100000000000000	-0.00800000000000000
900110	0	-0.00600000000000000	-0.00600000000000000
900111	0	0.00400000000000000	0.00300000000000000
900112	0	-0.0240000000000000	-0.0130000000000000
900115	0	-0.00900000000000000	-0.00600000000000000
900116	0	0.00900000000000000	-0.0110000000000000
900117	0	-0.00700000000000000	-0.00200000000000000
900118	0	0.00100000000000000	-0.00700000000000000
900119	0	0.00300000000000000	0
900122	0	-0.0230000000000000	-0.00600000000000000
900123	0	0	0.00100000000000000
900124	0	-0.00400000000000000	-0.00400000000000000
900125	0	-0.0110000000000000	0
900126	0	-0.00300000000000000	0.00300000000000000
900129	0	-0.00200000000000000	0.00900000000000000
900130	0	-0.00700000000000000	-0.00300000000000000
900131	0	0.0170000000000000	0.00200000000000000
900201	0	0.00100000000000000	0.00300000000000000
900202	0	0.00700000000000000	0.00400000000000000
900205	0	0.00400000000000000	0.00300000000000000
900206	0	-0.00500000000000000	0.00100000000000000
900207	0	0.0110000000000000	-0.00300000000000000
900208	0	-0.00100000000000000	-0.00100000000000000
900209	0	0.00200000000000000	-0.00500000000000000
900212	0	-0.00900000000000000	-0.00400000000000000
900213	0	0.00200000000000000	-0.00300000000000000
900214	0	0.00200000000000000	0.00200000000000000
900215	0	0.00800000000000000	0.00600000000000000
900216	0	-0.00500000000000000	0
900220	0	-0.0130000000000000	-0.0140000000000000
900221	0	-0.00100000000000000	-0.0150000000000000
900222	0	-0.00400000000000000	-0.00200000000000000
900223	0	-0.00500000000000000	-0.0180000000000000
900226	0	0.0100000000000000	-0.0180000000000000
900227	0	0.00500000000000000	0.0110000000000000
900228	0	0.00500000000000000	0.0100000000000000
900301	0	0.00300000000000000	-0.0100000000000000
900302	0	0.00800000000000000	0.00400000000000000
900305	0	-0.00300000000000000	-0.00200000000000000
900306	0	0.0110000000000000	0.00100000000000000
900307	0	-0.00200000000000000	-0.00500000000000000
900308	0	0.00800000000000000	0.00700000000000000
900309	0	-0.00600000000000000	-0.00500000000000000
900312	0	0.00200000000000000	-0.00800000000000000
900313	0	-0.00700000000000000	-0.0130000000000000
900314	0	0.00200000000000000	-0.00300000000000000
900315	0	0.00200000000000000	0.00200000000000000
900316	0	0.00900000000000000	0.00700000000000000
900319	0	0.00400000000000000	-0.0140000000000000
900320	0	-0.00500000000000000	-0.0110000000000000
900321	0	-0.00400000000000000	-0.00600000000000000
900322	0	-0.0120000000000000	-0.0210000000000000
900323	0	0.00400000000000000	0.0130000000000000
900326	0	0.00100000000000000	0.0140000000000000
900327	0	0.00900000000000000	0.00300000000000000
900328	0	0.00200000000000000	-0.00900000000000000
900329	0	-0.00300000000000000	0.00100000000000000
900330	0	-0.00200000000000000	-0.0120000000000000
900402	0	-0.00400000000000000	-0.0330000000000000
900403	0	0.0130000000000000	0.0210000000000000
900404	0	-0.00600000000000000	-0.00300000000000000
900405	0	0	0.00400000000000000
900406	0	-0.00200000000000000	0.0130000000000000
900409	0	0.00300000000000000	0.0130000000000000
900410	0	0.00100000000000000	-0.0120000000000000
900411	0	-0.00100000000000000	0.00100000000000000
900412	0	0.00700000000000000	0.00400000000000000
900416	0	0.00100000000000000	-0.00700000000000000
900417	0	0	-0.00100000000000000
900418	0	-0.0100000000000000	0.00400000000000000
900419	0	-0.00700000000000000	0.00700000000000000
900420	0	-0.00900000000000000	-0.00400000000000000
900423	0	-0.0110000000000000	-0.0110000000000000
900424	0	-0.00200000000000000	-0.00700000000000000
900425	0	0.00500000000000000	0.00300000000000000
900426	0	0.00200000000000000	0.00100000000000000
900427	0	-0.0110000000000000	-0.00700000000000000
900430	0	0.00400000000000000	0.00100000000000000
900501	0	0.00400000000000000	0.00400000000000000
900502	0	0.00600000000000000	0.0110000000000000
900503	0	0.00300000000000000	0.00400000000000000
900504	0	0.00800000000000000	0.00600000000000000
900507	0	0.00600000000000000	0.0160000000000000
900508	0	0.00400000000000000	0.00200000000000000
900509	0	0.00200000000000000	0.00400000000000000
900510	0	0.00400000000000000	0.00100000000000000
900511	0	0.0210000000000000	0.0230000000000000
900514	0	0.00800000000000000	0.0100000000000000
900515	0	-0.00100000000000000	0.00400000000000000
900516	0	-0.00100000000000000	-0.00400000000000000
900517	0	0.00200000000000000	0.00300000000000000
900518	0	0	-0.00400000000000000
900521	0	0.00900000000000000	-0.00200000000000000
900522	0	0.00200000000000000	0.00900000000000000
900523	0	0.00100000000000000	0.00400000000000000
900524	0	-0.00100000000000000	-0.00300000000000000
900525	0	-0.00900000000000000	0.00300000000000000
900529	0	0.0140000000000000	0.00200000000000000
900530	0	0.00100000000000000	0.00400000000000000
900531	0	0.00100000000000000	-0.00200000000000000
900601	0	0.00500000000000000	0.00600000000000000
900604	0	0.0110000000000000	-0.00200000000000000
900605	0	-0.00100000000000000	0.00100000000000000
900606	0	-0.00400000000000000	-0.00200000000000000
900607	0	-0.00500000000000000	-0.00100000000000000
900608	0	-0.0110000000000000	-0.0110000000000000
900611	0	0.00700000000000000	-0.00400000000000000
900612	0	0.0110000000000000	0.00500000000000000
900613	0	-0.00300000000000000	0
900614	0	-0.00500000000000000	0.00200000000000000
900615	0	-0.00100000000000000	-0.00500000000000000
900618	0	-0.0140000000000000	-0.00600000000000000
900619	0	0.00400000000000000	-0.00100000000000000
900620	0	0.00100000000000000	0.00300000000000000
900621	0	0.00300000000000000	0
900622	0	-0.0110000000000000	-0.00600000000000000
900625	0	-0.00800000000000000	-0.00900000000000000
900626	0	-0.00100000000000000	0.00400000000000000
900627	0	0.00700000000000000	0.0120000000000000
900628	0	0.00700000000000000	0.00200000000000000
900629	0	0.00200000000000000	0.00400000000000000
900702	0	0.00400000000000000	0.00500000000000000
900703	0	0.00200000000000000	0.00200000000000000
900705	0	-0.0100000000000000	-0.00800000000000000
900706	0	0.00700000000000000	0.00200000000000000
900709	0	0.00200000000000000	0.00300000000000000
900710	0	-0.00700000000000000	-0.00300000000000000
900711	0	0.0110000000000000	0.00700000000000000
900712	0	0.0110000000000000	0.00400000000000000
900713	0	0.00500000000000000	0.0110000000000000
900716	0	0.00400000000000000	0.00700000000000000
900717	0	-0.00300000000000000	-0.00100000000000000
900718	0	-0.00800000000000000	-0.00100000000000000
900719	0	0.00200000000000000	-0.00100000000000000
900720	0	-0.00800000000000000	-0.0100000000000000
900723	0	-0.0170000000000000	-0.0130000000000000
900724	0	0.00100000000000000	-0.00300000000000000
900725	0	0.00400000000000000	0
900726	0	-0.00200000000000000	-0.00800000000000000
900727	0	-0.00600000000000000	-0.00700000000000000
900730	0	0.00400000000000000	0.00200000000000000
900731	0	0.00200000000000000	0.0130000000000000
900801	0	-0.00100000000000000	-0.00300000000000000
900802	0	-0.0100000000000000	-0.0230000000000000
900803	0	-0.0170000000000000	-0.0160000000000000
900806	0	-0.0310000000000000	-0.0300000000000000
900807	0	0.00200000000000000	-0.00400000000000000
900808	0	0.0100000000000000	0.00300000000000000
900809	0	0.00500000000000000	0
900810	0	-0.0110000000000000	-0.00900000000000000
900813	0	0.00800000000000000	-0.00700000000000000
900814	0	0.00200000000000000	0.00700000000000000
900815	0	0.00300000000000000	0.0240000000000000
900816	0	-0.0200000000000000	-0.0160000000000000
900817	0	-0.0140000000000000	-0.0160000000000000
900820	0	0.00100000000000000	-0.00400000000000000
900821	0	-0.0190000000000000	-0.0170000000000000
900822	0	-0.0150000000000000	-0.0140000000000000
900823	0	-0.0310000000000000	-0.0330000000000000
900824	0	0.0130000000000000	0.0130000000000000
900827	0	0.0290000000000000	0.0320000000000000
900828	0	0.00100000000000000	0.0120000000000000
900829	0	0.00900000000000000	-0.00700000000000000
900830	0	-0.0140000000000000	0.00200000000000000
900831	0	0.0100000000000000	0.00300000000000000
900904	0	0.00100000000000000	-0.00800000000000000
900905	0	0.00400000000000000	-0.00100000000000000
900906	0	-0.0100000000000000	-0.00700000000000000
900907	0	0.00800000000000000	0.00300000000000000
900910	0	-0.00400000000000000	0.0120000000000000
900911	0	-0.00100000000000000	-0.0110000000000000
900912	0	0.00300000000000000	0.0170000000000000
900913	0	-0.0100000000000000	-0.0100000000000000
900914	0	-0.00600000000000000	-0.00200000000000000
900917	0	0.00200000000000000	-0.00700000000000000
900918	0	0.00200000000000000	-0.00800000000000000
900919	0	-0.00600000000000000	-0.0130000000000000
900920	0	-0.0150000000000000	-0.0170000000000000
900921	0	-0.00100000000000000	-0.00300000000000000
900924	0	-0.0200000000000000	-0.00700000000000000
900925	0	0.0100000000000000	-0.0110000000000000
900926	0	-0.0100000000000000	-0.0190000000000000
900927	0	-0.0130000000000000	-0.00900000000000000
900928	0	0.0150000000000000	-0.00500000000000000
901001	0	0.0250000000000000	0.0160000000000000
901002	0	0.00200000000000000	0.0390000000000000
901003	0	-0.0100000000000000	-0.00300000000000000
901004	0	0.00200000000000000	0
901005	0	-0.00400000000000000	0.0110000000000000
901008	0	0.00600000000000000	0.0260000000000000
901009	0	-0.0240000000000000	-0.0140000000000000
901010	0	-0.0150000000000000	-0.00900000000000000
901011	0	-0.0170000000000000	-0.0200000000000000
901012	0	0.0130000000000000	0.0120000000000000
901015	0	0.00900000000000000	0.0130000000000000
901016	0	-0.0130000000000000	0
901017	0	0	0.0100000000000000
901018	0	0.0210000000000000	0.0160000000000000
901019	0	0.0180000000000000	0.0140000000000000
901022	0	0.00700000000000000	0.0100000000000000
901023	0	-0.00500000000000000	-0.00200000000000000
901024	0	0	-0.00600000000000000
901025	0	-0.00600000000000000	0.00500000000000000
901026	0	-0.0160000000000000	-0.0190000000000000
901029	0	-0.00900000000000000	-0.00300000000000000
901030	0	0.00500000000000000	-0.0100000000000000
901031	0	0.00100000000000000	0
901101	0	0.00900000000000000	-0.0120000000000000
901102	0	0.0150000000000000	0.00800000000000000
901105	0	0.00900000000000000	0.0140000000000000
901106	0	-0.00700000000000000	-0.00600000000000000
901107	0	-0.0160000000000000	-0.0130000000000000
901108	0	0.00500000000000000	-0.0150000000000000
901109	0	0.0180000000000000	0.00700000000000000
901112	0	0.0170000000000000	0.0110000000000000
901113	0	-0.00400000000000000	0.0130000000000000
901114	0	0.00800000000000000	-0.00300000000000000
901115	0	-0.00900000000000000	-0.00600000000000000
901116	0	0.00100000000000000	-0.00200000000000000
901119	0	0.00600000000000000	0.0130000000000000
901120	0	-0.0100000000000000	-0.00800000000000000
901121	0	0.00100000000000000	-0.00200000000000000
901123	0	-0.00200000000000000	0
901126	0	0.00300000000000000	-0.00300000000000000
901127	0	0.00600000000000000	-0.00100000000000000
901128	0	0	-0.00900000000000000
901129	0	-0.00400000000000000	-0.0100000000000000
901130	0	0.0160000000000000	-0.00300000000000000
901203	0	0.00700000000000000	0.00600000000000000
901204	0	0.00700000000000000	-0.00500000000000000
901205	0	0.0110000000000000	0.0100000000000000
901206	0	-0.00200000000000000	0.0170000000000000
901207	0	-0.00300000000000000	0.0150000000000000
901210	0	0.00300000000000000	0.00300000000000000
901211	0	-0.00500000000000000	-0.00200000000000000
901212	0	0.00900000000000000	0.00400000000000000
901213	0	-0.00100000000000000	0.00700000000000000
901214	0	-0.00700000000000000	-0.0100000000000000
901217	0	-0.00300000000000000	-0.0100000000000000
901218	0	0.0110000000000000	0.00900000000000000
901219	0	0.00100000000000000	0.00200000000000000
901220	0	0	-0.0110000000000000
901221	0	0.00300000000000000	-0.0130000000000000
901224	0	-0.00400000000000000	-0.00500000000000000
901226	0	0.00300000000000000	-0.00200000000000000
901227	0	-0.00600000000000000	-0.00100000000000000
901228	0	0	0.00700000000000000
901231	0	0.00500000000000000	-0.00100000000000000
910102	0	-0.00900000000000000	0
910103	0	-0.0120000000000000	-0.00200000000000000
910104	0	-0.00200000000000000	-0.00400000000000000
910107	0	-0.0160000000000000	-0.0220000000000000
910108	0	-0.00300000000000000	-0.0110000000000000
910109	0	-0.0100000000000000	0.00700000000000000
910110	0	0.00900000000000000	0
910111	0	0.00100000000000000	0.00300000000000000
910114	0	-0.00900000000000000	-0.0120000000000000
910115	0	0.00300000000000000	-0.00100000000000000
910116	0	0.00800000000000000	-0.00800000000000000
910117	0	0.0330000000000000	0.0480000000000000
910118	0	0.0100000000000000	0.0110000000000000
910121	0	-0.00200000000000000	-0.00400000000000000
910122	0	-0.00600000000000000	-0.00100000000000000
910123	0	0.00500000000000000	-0.00500000000000000
910124	0	0.0140000000000000	0.0150000000000000
910125	0	0.00400000000000000	0.00500000000000000
910128	0	0.00100000000000000	0.00200000000000000
910129	0	0	0
910130	0	0.0140000000000000	0.00400000000000000
910131	0	0.00900000000000000	0.00900000000000000
910201	0	-0.00100000000000000	0
910204	0	0.0150000000000000	0.0100000000000000
910205	0	0.00900000000000000	0.0160000000000000
910206	0	0.0180000000000000	0.0150000000000000
910207	0	-0.00300000000000000	0.00600000000000000
910208	0	0.00700000000000000	0.00800000000000000
910211	0	0.0240000000000000	0.0160000000000000
910212	0	-0.00600000000000000	0.00400000000000000
910213	0	0.00900000000000000	0.00400000000000000
910214	0	-0.0120000000000000	-0.00100000000000000
910215	0	0.0120000000000000	0.00300000000000000
910219	0	0.00100000000000000	-0.00100000000000000
910220	0	-0.0100000000000000	-0.0110000000000000
910221	0	0	-0.00100000000000000
910222	0	0.00200000000000000	0.00200000000000000
910225	0	0.00400000000000000	0.00500000000000000
910226	0	-0.0110000000000000	-0.0120000000000000
910227	0	0.0120000000000000	0.00500000000000000
910228	0	0	0.00700000000000000
910301	0	0.00800000000000000	-0.0110000000000000
910304	0	0	-0.00400000000000000
910305	0	0.0180000000000000	0.0140000000000000
910306	0	-0.00100000000000000	0.00200000000000000
910307	0	0	0.00100000000000000
910308	0	-0.00200000000000000	0
910311	0	-0.00400000000000000	-0.0100000000000000
910312	0	-0.00800000000000000	0.00300000000000000
910313	0	0.0100000000000000	-0.00300000000000000
910314	0	-0.00200000000000000	0.00800000000000000
910315	0	-0.00200000000000000	0.00100000000000000
910318	0	-0.00300000000000000	-0.00700000000000000
910319	0	-0.0130000000000000	-0.0160000000000000
910320	0	0.00300000000000000	-0.0100000000000000
910321	0	-0.00200000000000000	0.00900000000000000
910322	0	0.00200000000000000	-0.00300000000000000
910325	0	0.00600000000000000	-0.00400000000000000
910326	0	0.0150000000000000	0
910327	0	-0.00100000000000000	-0.00200000000000000
910328	0	0	-0.00500000000000000
910401	0	-0.00900000000000000	-0.00500000000000000
910402	0	0.0190000000000000	0.0180000000000000
910403	0	0	0.0160000000000000
910404	0	0.00300000000000000	0.00200000000000000
910405	0	-0.0100000000000000	0.00300000000000000
910408	0	0.00700000000000000	-0.00700000000000000
910409	0	-0.0110000000000000	-0.00700000000000000
910410	0	-0.00200000000000000	-0.00100000000000000
910411	0	0.0110000000000000	0.00400000000000000
910412	0	0.00600000000000000	0.00700000000000000
910415	0	0.00200000000000000	0.00800000000000000
910416	0	0.0150000000000000	0.00300000000000000
910417	0	0.00800000000000000	0.00700000000000000
910418	0	-0.00400000000000000	-0.00800000000000000
910419	0	-0.0100000000000000	-0.0180000000000000
910422	0	-0.00900000000000000	-0.0180000000000000
910423	0	0.00200000000000000	0.00600000000000000
910424	0	0.00300000000000000	0.00100000000000000
910425	0	-0.00800000000000000	-0.00800000000000000
910426	0	-0.00100000000000000	0.00100000000000000
910429	0	-0.0120000000000000	-0.00700000000000000
910430	0	0.00300000000000000	0.0100000000000000
910501	0	0.0130000000000000	0.0170000000000000
910502	0	0.00100000000000000	-0.00300000000000000
910503	0	0.00100000000000000	-0.00400000000000000
910506	0	-0.00200000000000000	-0.00200000000000000
910507	0	-0.00600000000000000	0.00200000000000000
910508	0	0.00200000000000000	-0.00200000000000000
910509	0	0.0110000000000000	0.00200000000000000
910510	0	-0.0170000000000000	-0.00200000000000000
910513	0	0.00200000000000000	-0.00500000000000000
910514	0	-0.0120000000000000	-0.00600000000000000
910515	0	-0.00800000000000000	0.00100000000000000
910516	0	0.00900000000000000	0.00400000000000000
910517	0	0	-0.00300000000000000
910520	0	0	-0.00600000000000000
910521	0	0.00700000000000000	0.00700000000000000
910522	0	0.00200000000000000	0
910523	0	-0.00200000000000000	0
910524	0	0.00600000000000000	0.00300000000000000
910528	0	0.0110000000000000	0.00400000000000000
910529	0	0.00200000000000000	0.00700000000000000
910530	0	0.0100000000000000	0.00300000000000000
910531	0	0.00700000000000000	0.00500000000000000
910603	0	-0.00300000000000000	-0.00600000000000000
910604	0	0	-0.00300000000000000
910605	0	-0.00500000000000000	-0.00500000000000000
910606	0	-0.00300000000000000	-0.00400000000000000
910607	0	-0.00900000000000000	-0.00900000000000000
910610	0	-0.00200000000000000	-0.00900000000000000
910611	0	0.00500000000000000	0.00600000000000000
910612	0	-0.0100000000000000	-0.00900000000000000
910613	0	0.00200000000000000	-0.00200000000000000
910614	0	0.0110000000000000	0.0110000000000000
910617	0	-0.00400000000000000	-0.00600000000000000
910618	0	-0.00300000000000000	-0.00600000000000000
910619	0	-0.00900000000000000	-0.0100000000000000
910620	0	0	0.00700000000000000
910621	0	0.00500000000000000	0.00300000000000000
910624	0	-0.0160000000000000	-0.0140000000000000
910625	0	-0.00100000000000000	0.00100000000000000
910626	0	0.00200000000000000	-0.00100000000000000
910627	0	0.00700000000000000	0
910628	0	-0.00700000000000000	-0.0100000000000000
910701	0	0.0160000000000000	0.0150000000000000
910702	0	0	-0.00400000000000000
910703	0	-0.00900000000000000	-0.0140000000000000
910705	0	0.00200000000000000	0.00200000000000000
910708	0	0.00800000000000000	-0.00500000000000000
910709	0	-0.00200000000000000	0.00700000000000000
910710	0	-0.00100000000000000	0.00600000000000000
910711	0	0.00300000000000000	0
910712	0	0.00700000000000000	0.0100000000000000
910715	0	0.00600000000000000	0.0100000000000000
910716	0	-0.00100000000000000	-0.00100000000000000
910717	0	0	-0.00400000000000000
910718	0	0.00900000000000000	0.00500000000000000
910719	0	-0.00200000000000000	0.00100000000000000
910722	0	-0.00300000000000000	-0.00300000000000000
910723	0	-0.00800000000000000	-0.00100000000000000
910724	0	-0.00300000000000000	0.00700000000000000
910725	0	0.00500000000000000	-0.00300000000000000
910726	0	0	0.00700000000000000
910729	0	0.00500000000000000	-0.00100000000000000
910730	0	0.00800000000000000	0.00800000000000000
910731	0	0.00300000000000000	0.00300000000000000
910801	0	-0.00200000000000000	-0.00100000000000000
910802	0	0.00100000000000000	0.00200000000000000
910805	0	-0.00500000000000000	-0.00300000000000000
910806	0	0.0130000000000000	0.00300000000000000
910807	0	0.00100000000000000	0.00300000000000000
910808	0	-0.00200000000000000	-0.00300000000000000
910809	0	-0.00400000000000000	-0.00700000000000000
910812	0	0.00200000000000000	-0.00500000000000000
910813	0	0.00400000000000000	0.00200000000000000
910814	0	0.00200000000000000	0.00500000000000000
910815	0	-0.00100000000000000	-0.00100000000000000
910816	0	-0.00800000000000000	-0.0130000000000000
910819	0	-0.0230000000000000	-0.0520000000000000
910820	0	0.00700000000000000	0.0180000000000000
910821	0	0.0260000000000000	0.0290000000000000
910822	0	0.00200000000000000	0.0160000000000000
910823	0	0.00600000000000000	-0.00500000000000000
910826	0	0	-0.00400000000000000
910827	0	-0.00100000000000000	-0.00200000000000000
910828	0	0.00800000000000000	0.00400000000000000
910829	0	0	0.00700000000000000
910830	0	-0.00100000000000000	0.00300000000000000
910903	0	-0.00700000000000000	-0.00400000000000000
910904	0	-0.00500000000000000	0
910905	0	-0.00300000000000000	-0.00100000000000000
910906	0	0	0.00100000000000000
910909	0	-0.00100000000000000	0.00500000000000000
910910	0	-0.0100000000000000	-0.00500000000000000
910911	0	0.00100000000000000	-0.00100000000000000
910912	0	0.00600000000000000	0.00500000000000000
910913	0	-0.00900000000000000	0.00500000000000000
910916	0	0.00500000000000000	0.00200000000000000
910917	0	0	0.00500000000000000
910918	0	0.00300000000000000	-0.00500000000000000
910919	0	0.00300000000000000	-0.00100000000000000
910920	0	0.00100000000000000	-0.00200000000000000
910923	0	-0.00400000000000000	0.00300000000000000
910924	0	0.00500000000000000	0.00400000000000000
910925	0	-0.00200000000000000	0.00100000000000000
910926	0	0	0.00100000000000000
910927	0	-0.00100000000000000	-0.00300000000000000
910930	0	0.00600000000000000	0.0100000000000000
911001	0	0.00300000000000000	0.00500000000000000
911002	0	-0.00200000000000000	0.00400000000000000
911003	0	-0.00900000000000000	0.00200000000000000
911004	0	-0.00700000000000000	-0.00300000000000000
911007	0	-0.00500000000000000	-0.00600000000000000
911008	0	0.00300000000000000	-0.00500000000000000
911009	0	-0.00900000000000000	-0.00700000000000000
911010	0	0.00700000000000000	0.00500000000000000
911011	0	0.00300000000000000	0
911014	0	0.0120000000000000	0.00400000000000000
911015	0	0.0110000000000000	0.00400000000000000
911016	0	0.00600000000000000	0.00300000000000000
911017	0	-0.00100000000000000	0.00300000000000000
911018	0	0.00100000000000000	0.00800000000000000
911021	0	-0.00600000000000000	-0.00500000000000000
911022	0	-0.00400000000000000	-0.00600000000000000
911023	0	0	-0.00300000000000000
911024	0	-0.00700000000000000	-0.00100000000000000
911025	0	-0.00200000000000000	-0.00400000000000000
911028	0	0.0120000000000000	0.00300000000000000
911029	0	0.00500000000000000	0.00600000000000000
911030	0	0.00400000000000000	0.00600000000000000
911031	0	0.00100000000000000	0.00200000000000000
911101	0	-0.00300000000000000	0.00200000000000000
911104	0	-0.00300000000000000	0.00400000000000000
911105	0	-0.00300000000000000	-0.00300000000000000
911106	0	0.00300000000000000	-0.00200000000000000
911107	0	0.00900000000000000	0.00100000000000000
911108	0	0	-0.00100000000000000
911111	0	0.00100000000000000	0
911112	0	0.00900000000000000	0.00800000000000000
911113	0	0.00100000000000000	-0.00200000000000000
911114	0	-0.00100000000000000	-0.00200000000000000
911115	0	-0.0330000000000000	-0.0180000000000000
911118	0	0.00500000000000000	-0.00300000000000000
911119	0	-0.0150000000000000	-0.00900000000000000
911120	0	-0.00200000000000000	-0.00300000000000000
911121	0	0.00400000000000000	0.00300000000000000
911122	0	-0.0100000000000000	-0.00400000000000000
911125	0	-0.00200000000000000	0
911126	0	0.00600000000000000	0.00200000000000000
911127	0	-0.00200000000000000	-0.0110000000000000
911129	0	-0.00200000000000000	-0.00400000000000000
911202	0	0.0130000000000000	-0.00100000000000000
911203	0	0	0.00500000000000000
911204	0	-0.00200000000000000	0.00200000000000000
911205	0	-0.00500000000000000	-0.00400000000000000
911206	0	0.00400000000000000	0.00300000000000000
911209	0	-0.00200000000000000	-0.00100000000000000
911210	0	-0.00100000000000000	-0.00700000000000000
911211	0	-0.00200000000000000	-0.00700000000000000
911212	0	0.00900000000000000	0.0100000000000000
911213	0	0.00700000000000000	0.0140000000000000
911216	0	0.00100000000000000	0.00300000000000000
911217	0	-0.00400000000000000	-0.00200000000000000
911218	0	0.00100000000000000	-0.00300000000000000
911219	0	-0.00300000000000000	-0.00900000000000000
911220	0	0.0110000000000000	0.00300000000000000
911223	0	0.0230000000000000	0.0140000000000000
911224	0	0.00800000000000000	0.00200000000000000
911226	0	0.0130000000000000	0.0190000000000000
911227	0	0.00500000000000000	0.00600000000000000
911230	0	0.0200000000000000	0.0160000000000000
911231	0	0.00500000000000000	0.00800000000000000
920102	0	-0.00100000000000000	0.00100000000000000
920103	0	0.00500000000000000	0.00100000000000000
920106	0	-0.00100000000000000	0.0130000000000000
920107	0	-0.00100000000000000	-0.00300000000000000
920108	0	0.00300000000000000	-0.0130000000000000
920109	0	0.00100000000000000	0.00200000000000000
920110	0	-0.00600000000000000	-0.0220000000000000
920113	0	-0.00200000000000000	-0.00800000000000000
920114	0	0.0130000000000000	0.0120000000000000
920115	0	0.00200000000000000	-0.00800000000000000
920116	0	-0.00500000000000000	-0.00200000000000000
920117	0	0.00200000000000000	0.00100000000000000
920120	0	-0.00500000000000000	0.00600000000000000
920121	0	-0.00900000000000000	-0.00300000000000000
920122	0	0.0110000000000000	0.0120000000000000
920123	0	-0.00500000000000000	-0.00400000000000000
920124	0	0.00100000000000000	-0.0100000000000000
920127	0	-0.00100000000000000	-0.00100000000000000
920128	0	0	0.00200000000000000
920129	0	-0.0100000000000000	-0.00100000000000000
920130	0	0.00400000000000000	0.00200000000000000
920131	0	-0.00500000000000000	0.00300000000000000
920203	0	0.00200000000000000	0
920204	0	0.00900000000000000	0.00500000000000000
920205	0	0.00100000000000000	0.00200000000000000
920206	0	0	0.00100000000000000
920207	0	-0.00600000000000000	-0.00100000000000000
920210	0	0.00600000000000000	-0.00400000000000000
920211	0	0.00100000000000000	-0.00400000000000000
920212	0	0.00700000000000000	-0.00400000000000000
920213	0	-0.00800000000000000	-0.00700000000000000
920214	0	-0.00200000000000000	-0.0100000000000000
920218	0	-0.0110000000000000	-0.0130000000000000
920219	0	0.00100000000000000	-0.00500000000000000
920220	0	0.0120000000000000	0.00500000000000000
920221	0	-0.00500000000000000	0.00500000000000000
920224	0	0.00100000000000000	-0.00200000000000000
920225	0	-0.00400000000000000	-0.00300000000000000
920226	0	0.0110000000000000	0.00800000000000000
920227	0	-0.00100000000000000	0.00300000000000000
920228	0	-0.00300000000000000	-0.00100000000000000
920302	0	0.00100000000000000	0.00200000000000000
920303	0	0.00100000000000000	-0.00800000000000000
920304	0	-0.00700000000000000	-0.00600000000000000
920305	0	-0.00800000000000000	-0.0110000000000000
920306	0	-0.00500000000000000	-0.00300000000000000
920309	0	0.00200000000000000	-0.00200000000000000
920310	0	0.00400000000000000	0.00200000000000000
920311	0	-0.00700000000000000	-0.0110000000000000
920312	0	-0.00100000000000000	-0.00600000000000000
920313	0	0.00400000000000000	0.00200000000000000
920316	0	0.00100000000000000	-0.00500000000000000
920317	0	0.00700000000000000	0.00700000000000000
920318	0	0	-0.00300000000000000
920319	0	0.00200000000000000	0.00400000000000000
920320	0	0.00200000000000000	-0.00300000000000000
920323	0	-0.00200000000000000	0
920324	0	-0.00200000000000000	-0.00100000000000000
920325	0	-0.00200000000000000	0.00200000000000000
920326	0	0	0.00100000000000000
920327	0	-0.00900000000000000	-0.00900000000000000
920330	0	-0.00100000000000000	0
920331	0	0.00100000000000000	0
920401	0	0.00100000000000000	-0.0160000000000000
920402	0	-0.00900000000000000	-0.00800000000000000
920403	0	0.00100000000000000	0.00300000000000000
920406	0	0.00900000000000000	0.00900000000000000
920407	0	-0.0170000000000000	-0.0160000000000000
920408	0	-0.0100000000000000	-0.0170000000000000
920409	0	0.0150000000000000	0.00300000000000000
920410	0	0.00900000000000000	0.0330000000000000
920413	0	0.00400000000000000	-0.00400000000000000
920414	0	0.0140000000000000	0.0120000000000000
920415	0	0.00800000000000000	0.0120000000000000
920416	0	-0.00100000000000000	-0.00300000000000000
920420	0	-0.0130000000000000	-0.0110000000000000
920421	0	-0.00100000000000000	-0.00200000000000000
920422	0	-0.00100000000000000	0.00100000000000000
920423	0	0.00300000000000000	0.00800000000000000
920424	0	-0.00400000000000000	0.00100000000000000
920427	0	-0.00100000000000000	0.00100000000000000
920428	0	0.00100000000000000	0.00100000000000000
920429	0	0.00600000000000000	0.00400000000000000
920430	0	0.00800000000000000	0.00300000000000000
920501	0	-0.00400000000000000	-0.00100000000000000
920504	0	0.0100000000000000	0.00700000000000000
920505	0	0.00100000000000000	0
920506	0	0	0.00800000000000000
920507	0	-0.00100000000000000	0.00600000000000000
920508	0	0	-0.00200000000000000
920511	0	0.00600000000000000	0.00600000000000000
920512	0	-0.00400000000000000	0
920513	0	0	0.00800000000000000
920514	0	-0.00700000000000000	-0.00500000000000000
920515	0	-0.00600000000000000	-0.0120000000000000
920518	0	0.00500000000000000	0.0130000000000000
920519	0	0.00800000000000000	0.00700000000000000
920520	0	-0.00100000000000000	-0.00100000000000000
920521	0	-0.00700000000000000	-0.00700000000000000
920522	0	0.00300000000000000	0
920526	0	-0.00600000000000000	-0.00400000000000000
920527	0	0.00200000000000000	-0.0100000000000000
920528	0	0.00900000000000000	0.00700000000000000
920529	0	-0.00100000000000000	0.0130000000000000
920601	0	0.00400000000000000	-0.00100000000000000
920602	0	-0.00700000000000000	-0.00500000000000000
920603	0	0.00200000000000000	0
920604	0	-0.00300000000000000	-0.00400000000000000
920605	0	0	0.00100000000000000
920608	0	-0.00100000000000000	-0.00300000000000000
920609	0	-0.00700000000000000	-0.00300000000000000
920610	0	-0.00700000000000000	-0.00600000000000000
920611	0	0.00300000000000000	0.00100000000000000
920612	0	0.00200000000000000	0
920615	0	0	-0.00500000000000000
920616	0	-0.00400000000000000	0
920617	0	-0.0150000000000000	-0.0150000000000000
920618	0	-0.00400000000000000	-0.00800000000000000
920619	0	0.00600000000000000	0.00700000000000000
920622	0	-0.00200000000000000	-0.00800000000000000
920623	0	0.00200000000000000	0.00500000000000000
920624	0	-0.00100000000000000	-0.00400000000000000
920625	0	-0.00100000000000000	0.0100000000000000
920626	0	0.00100000000000000	-0.00500000000000000
920629	0	0.0120000000000000	0.00700000000000000
920630	0	0.00100000000000000	0
920701	0	0.0100000000000000	0.0110000000000000
920702	0	-0.00100000000000000	0.00700000000000000
920706	0	0.00500000000000000	0
920707	0	-0.0100000000000000	-0.00500000000000000
920708	0	0.00200000000000000	-0.00100000000000000
920709	0	0.00900000000000000	0.00400000000000000
920710	0	0.00200000000000000	0
920713	0	0.00100000000000000	0.00800000000000000
920714	0	0.00600000000000000	0.00100000000000000
920715	0	-0.00100000000000000	0.00100000000000000
920716	0	0.00100000000000000	-0.00100000000000000
920717	0	-0.00400000000000000	-0.00800000000000000
920720	0	-0.00400000000000000	-0.0140000000000000
920721	0	0	-0.0110000000000000
920722	0	-0.00600000000000000	-0.0100000000000000
920723	0	0.00200000000000000	0.00500000000000000
920724	0	-0.00100000000000000	-0.0100000000000000
920727	0	0.00100000000000000	-0.00100000000000000
920728	0	0.0130000000000000	0.0100000000000000
920729	0	0.0100000000000000	0.00600000000000000
920730	0	0.00400000000000000	0.00300000000000000
920731	0	0.00200000000000000	0.00700000000000000
920803	0	0.00200000000000000	0
920804	0	-0.00100000000000000	-0.00200000000000000
920805	0	-0.00500000000000000	0
920806	0	-0.00300000000000000	-0.00500000000000000
920807	0	-0.00200000000000000	-0.00700000000000000
920810	0	0	-0.00900000000000000
920811	0	-0.00100000000000000	-0.00700000000000000
920812	0	-0.00300000000000000	-0.00400000000000000
920813	0	0	0.00200000000000000
920814	0	0.00500000000000000	0.00700000000000000
920817	0	0.00200000000000000	0.00500000000000000
920818	0	0.00100000000000000	-0.00800000000000000
920819	0	-0.00600000000000000	-0.00100000000000000
920820	0	0	0.00900000000000000
920821	0	-0.00700000000000000	0.0120000000000000
920824	0	-0.0100000000000000	0.0100000000000000
920825	0	0.00100000000000000	-0.00900000000000000
920826	0	0.00400000000000000	0.00400000000000000
920827	0	0.00100000000000000	0.0130000000000000
920828	0	0.00300000000000000	0.0120000000000000
920831	0	-0.00100000000000000	0
920901	0	0.00400000000000000	0
920902	0	0.00500000000000000	0
920903	0	0.00100000000000000	0.0140000000000000
920904	0	-0.00200000000000000	0.00100000000000000
920908	0	-0.00600000000000000	-0.00500000000000000
920909	0	0.00400000000000000	0.00200000000000000
920910	0	0.00800000000000000	0
920911	0	0	-0.0130000000000000
920914	0	0.0130000000000000	0.00700000000000000
920915	0	-0.0110000000000000	-0.00400000000000000
920916	0	0	-0.0180000000000000
920917	0	0	0.00400000000000000
920918	0	0.00600000000000000	0.00700000000000000
920921	0	-0.00100000000000000	-0.00400000000000000
920922	0	-0.0100000000000000	0.00400000000000000
920923	0	0	-0.00300000000000000
920924	0	0.00300000000000000	0.00700000000000000
920925	0	-0.00900000000000000	-0.00700000000000000
920928	0	0.00400000000000000	-0.00200000000000000
920929	0	0.00100000000000000	0.00100000000000000
920930	0	0.00300000000000000	-0.00200000000000000
921001	0	-0.00400000000000000	-0.00400000000000000
921002	0	-0.0130000000000000	-0.0100000000000000
921005	0	-0.00700000000000000	-0.0130000000000000
921006	0	0	-0.00100000000000000
921007	0	-0.00600000000000000	0
921008	0	0.00800000000000000	0.00100000000000000
921009	0	-0.0110000000000000	-0.00900000000000000
921012	0	0.00900000000000000	0.00900000000000000
921013	0	0.00500000000000000	0.00800000000000000
921014	0	0	0.00100000000000000
921015	0	0	0.00300000000000000
921016	0	0.00400000000000000	-0.00400000000000000
921019	0	0.00800000000000000	-0.00300000000000000
921020	0	0.00200000000000000	-0.00300000000000000
921021	0	0.00100000000000000	0.00500000000000000
921022	0	-0.00200000000000000	0.00200000000000000
921023	0	-0.00100000000000000	-0.00300000000000000
921026	0	0.00900000000000000	-0.00200000000000000
921027	0	0.00100000000000000	0.00200000000000000
921028	0	0.00400000000000000	0
921029	0	0.00200000000000000	-0.00500000000000000
921030	0	-0.00300000000000000	-0.00200000000000000
921102	0	0.00800000000000000	0.00100000000000000
921103	0	-0.00500000000000000	0.00400000000000000
921104	0	-0.00600000000000000	-0.00100000000000000
921105	0	0.00300000000000000	-0.00400000000000000
921106	0	-0.00100000000000000	-0.00400000000000000
921109	0	0.00200000000000000	-0.00600000000000000
921110	0	0	-0.00100000000000000
921111	0	0.00800000000000000	0.00400000000000000
921112	0	0.00100000000000000	0.00300000000000000
921113	0	-0.00100000000000000	0.00100000000000000
921116	0	-0.00300000000000000	-0.0100000000000000
921117	0	-0.00300000000000000	-0.00600000000000000
921118	0	0.00700000000000000	0.0150000000000000
921119	0	0.00200000000000000	0.00500000000000000
921120	0	0.00700000000000000	0.00200000000000000
921123	0	-0.00200000000000000	-0.00500000000000000
921124	0	0.00500000000000000	0.00300000000000000
921125	0	0.00400000000000000	0.00800000000000000
921127	0	0.00300000000000000	0.00100000000000000
921130	0	0.00300000000000000	0.00600000000000000
921201	0	-0.00100000000000000	-0.00300000000000000
921202	0	-0.00200000000000000	0.00200000000000000
921203	0	0	-0.00100000000000000
921204	0	0.00400000000000000	0
921207	0	0.00600000000000000	0.00500000000000000
921208	0	0.00400000000000000	0.00700000000000000
921209	0	-0.00300000000000000	-0.00300000000000000
921210	0	-0.00200000000000000	0
921211	0	-0.00100000000000000	-0.00400000000000000
921214	0	-0.00200000000000000	-0.00100000000000000
921215	0	-0.00100000000000000	0.00200000000000000
921216	0	-0.00400000000000000	0.00100000000000000
921217	0	0.00800000000000000	0.00700000000000000
921218	0	0.0120000000000000	0.00900000000000000
921221	0	-0.00100000000000000	0.00300000000000000
921222	0	0	0
921223	0	-0.00200000000000000	-0.00400000000000000
921224	0	0.00200000000000000	0.00100000000000000
921228	0	-0.00100000000000000	-0.00800000000000000
921229	0	-0.00100000000000000	-0.00300000000000000
921230	0	0.00200000000000000	-0.00200000000000000
921231	0	-0.00300000000000000	-0.00300000000000000
930104	0	-0.00200000000000000	-0.00400000000000000
930105	0	-0.00200000000000000	0.00200000000000000
930106	0	0	-0.00100000000000000
930107	0	-0.00800000000000000	-0.00500000000000000
930108	0	-0.00400000000000000	-0.00700000000000000
930111	0	0.00300000000000000	0.00200000000000000
930112	0	0.00100000000000000	-0.00200000000000000
930113	0	0.00400000000000000	-0.00200000000000000
930114	0	0.00600000000000000	0.00600000000000000
930115	0	0.00400000000000000	0.00200000000000000
930118	0	0	0.00300000000000000
930119	0	-0.00200000000000000	0
930120	0	-0.00300000000000000	-0.00200000000000000
930121	0	0.00400000000000000	0
930122	0	0.00300000000000000	0
930125	0	0.00800000000000000	0.00900000000000000
930126	0	0.00100000000000000	0.00300000000000000
930127	0	-0.00400000000000000	-0.00500000000000000
930128	0	0.00100000000000000	0.00600000000000000
930129	0	0.00100000000000000	-0.00200000000000000
930201	0	0.00800000000000000	0.00200000000000000
930202	0	0.00100000000000000	0
930203	0	0.0100000000000000	0.00500000000000000
930204	0	0.00600000000000000	0.00200000000000000
930205	0	-0.00100000000000000	0.00400000000000000
930208	0	-0.00100000000000000	0
930209	0	-0.00600000000000000	-0.00300000000000000
930210	0	0.00200000000000000	0.00200000000000000
930211	0	0.00300000000000000	0.00500000000000000
930212	0	-0.00500000000000000	-0.00400000000000000
930216	0	-0.0240000000000000	-0.00900000000000000
930217	0	-0.00300000000000000	0.00100000000000000
930218	0	-0.00200000000000000	-0.00100000000000000
930219	0	0.00500000000000000	0.00600000000000000
930222	0	0.00100000000000000	0.00500000000000000
930223	0	0	-0.00400000000000000
930224	0	0.0130000000000000	0.00400000000000000
930225	0	0.00400000000000000	0.00200000000000000
930226	0	0.00300000000000000	0.00300000000000000
930301	0	-0.00100000000000000	0.00100000000000000
930302	0	0.0110000000000000	0.00800000000000000
930303	0	0.00400000000000000	0.00400000000000000
930304	0	-0.00300000000000000	-0.00400000000000000
930305	0	-0.00200000000000000	-0.00200000000000000
930308	0	0.0160000000000000	0.0200000000000000
930309	0	0.00100000000000000	0.00200000000000000
930310	0	0.00500000000000000	0.00100000000000000
930311	0	-0.00400000000000000	-0.00200000000000000
930312	0	-0.00800000000000000	-0.00500000000000000
930315	0	0.00300000000000000	-0.00100000000000000
930316	0	0	0.00100000000000000
930317	0	-0.00600000000000000	0.00100000000000000
930318	0	0.00700000000000000	0.0140000000000000
930319	0	-0.00400000000000000	0.00600000000000000
930322	0	-0.00300000000000000	-0.00400000000000000
930323	0	0	-0.00300000000000000
930324	0	-0.00200000000000000	-0.00500000000000000
930325	0	0.00600000000000000	0.00600000000000000
930326	0	-0.00400000000000000	0.00400000000000000
930329	0	0.00500000000000000	0.00600000000000000
930330	0	0.00300000000000000	0.00200000000000000
930331	0	0.00100000000000000	0.00300000000000000
930401	0	-0.00300000000000000	0.00800000000000000
930402	0	-0.0180000000000000	0.00500000000000000
930405	0	0.00100000000000000	0.00400000000000000
930406	0	-0.00300000000000000	-0.00800000000000000
930407	0	0.00300000000000000	0.00800000000000000
930408	0	-0.00200000000000000	0.00500000000000000
930412	0	0.0120000000000000	0.00700000000000000
930413	0	0.00400000000000000	0.0160000000000000
930414	0	0	-0.00500000000000000
930415	0	-0.00100000000000000	0
930416	0	0.00100000000000000	-0.00800000000000000
930419	0	-0.00300000000000000	0.00300000000000000
930420	0	-0.00500000000000000	0
930421	0	-0.00200000000000000	-0.00600000000000000
930422	0	-0.00800000000000000	-0.00200000000000000
930423	0	-0.00500000000000000	0.00100000000000000
930426	0	-0.00800000000000000	0.00100000000000000
930427	0	0.00800000000000000	0.0110000000000000
930428	0	0.00100000000000000	-0.00400000000000000
930429	0	0.00300000000000000	0.00100000000000000
930430	0	0.00400000000000000	0.00800000000000000
930503	0	0.00500000000000000	0.00100000000000000
930504	0	0.00400000000000000	0.00600000000000000
930505	0	0.00200000000000000	0.00100000000000000
930506	0	-0.00200000000000000	-0.00500000000000000
930507	0	-0.00200000000000000	0.00100000000000000
930510	0	0.00200000000000000	-0.00200000000000000
930511	0	0.00300000000000000	-0.00300000000000000
930512	0	0.00100000000000000	-0.00400000000000000
930513	0	-0.0110000000000000	-0.00500000000000000
930514	0	0	0
930517	0	0.00100000000000000	0.00400000000000000
930518	0	0	-0.00700000000000000
930519	0	0.0130000000000000	0.0110000000000000
930520	0	0.00600000000000000	0.00200000000000000
930521	0	-0.00800000000000000	0
930524	0	0.00300000000000000	0
930525	0	0.00300000000000000	0.00700000000000000
930526	0	0.00900000000000000	0.0120000000000000
930527	0	-0.00200000000000000	0.00300000000000000
930528	0	-0.00400000000000000	0.00200000000000000
930601	0	0.00700000000000000	0.00300000000000000
930602	0	0	-0.00100000000000000
930603	0	-0.00200000000000000	0.00400000000000000
930604	0	-0.00500000000000000	-0.00700000000000000
930607	0	-0.00600000000000000	-0.00200000000000000
930608	0	-0.00700000000000000	-0.00400000000000000
930609	0	0.00300000000000000	0.00300000000000000
930610	0	-0.00100000000000000	-0.00100000000000000
930611	0	0.00300000000000000	0.00700000000000000
930614	0	0.00100000000000000	0.00300000000000000
930615	0	-0.00200000000000000	-0.0120000000000000
930616	0	0.00200000000000000	-0.00700000000000000
930617	0	0.00300000000000000	0
930618	0	-0.00900000000000000	-0.0120000000000000
930621	0	0.00500000000000000	-0.0140000000000000
930622	0	0	0.00500000000000000
930623	0	-0.00400000000000000	0.00100000000000000
930624	0	0.00700000000000000	0.00600000000000000
930625	0	0.00300000000000000	0.0100000000000000
930628	0	0.00900000000000000	0.00900000000000000
930629	0	-0.00200000000000000	-0.00700000000000000
930630	0	0.00100000000000000	0.00700000000000000
930701	0	-0.00200000000000000	-0.00100000000000000
930702	0	-0.00500000000000000	-0.0110000000000000
930706	0	-0.00800000000000000	0
930707	0	0.00200000000000000	0.00200000000000000
930708	0	0.0100000000000000	0.00400000000000000
930709	0	0	-0.00200000000000000
930712	0	0.00200000000000000	0
930713	0	-0.00100000000000000	0.0100000000000000
930714	0	0.00400000000000000	0.00200000000000000
930715	0	-0.00100000000000000	0.00100000000000000
930716	0	-0.00600000000000000	-0.00400000000000000
930719	0	-0.00100000000000000	0.00200000000000000
930720	0	0.00100000000000000	-0.00100000000000000
930721	0	0	0
930722	0	-0.00500000000000000	0
930723	0	0.00400000000000000	-0.00100000000000000
930726	0	0.00500000000000000	0.00600000000000000
930727	0	-0.00100000000000000	0.00400000000000000
930728	0	-0.00200000000000000	0.00100000000000000
930729	0	0.00600000000000000	0.0100000000000000
930730	0	-0.00300000000000000	0.00100000000000000
930802	0	0.00400000000000000	0.00200000000000000
930803	0	-0.00100000000000000	0.00600000000000000
930804	0	-0.00100000000000000	0.00300000000000000
930805	0	-0.00200000000000000	-0.00200000000000000
930806	0	0.00100000000000000	0.00100000000000000
930809	0	0.00600000000000000	0.00300000000000000
930810	0	-0.00100000000000000	-0.00300000000000000
930811	0	0.00100000000000000	0.00800000000000000
930812	0	-0.00300000000000000	0.00200000000000000
930813	0	0.00200000000000000	0.00200000000000000
930816	0	0.00400000000000000	0.00900000000000000
930817	0	0.00300000000000000	0.00200000000000000
930818	0	0.00600000000000000	0.00600000000000000
930819	0	0.00100000000000000	0.00200000000000000
930820	0	0	-0.0130000000000000
930823	0	-0.00100000000000000	-0.00200000000000000
930824	0	0.00900000000000000	0.00200000000000000
930825	0	0.00100000000000000	-0.00300000000000000
930826	0	0.00200000000000000	0.00500000000000000
930827	0	-0.00100000000000000	0.00600000000000000
930830	0	0.00300000000000000	0.00300000000000000
930831	0	0.00400000000000000	0.00300000000000000
930901	0	0	-0.00300000000000000
930902	0	-0.00300000000000000	-0.00300000000000000
930903	0	0.00100000000000000	0.00100000000000000
930907	0	-0.00700000000000000	-0.00500000000000000
930908	0	-0.00600000000000000	-0.00800000000000000
930909	0	0.00300000000000000	0.00500000000000000
930910	0	0.00800000000000000	-0.00300000000000000
930913	0	0.00100000000000000	0.00400000000000000
930914	0	-0.00400000000000000	-0.00300000000000000
930915	0	0.00300000000000000	0.00100000000000000
930916	0	-0.00300000000000000	-0.00800000000000000
930917	0	-0.00100000000000000	0.00200000000000000
930920	0	-0.00700000000000000	-0.00400000000000000
930921	0	-0.00500000000000000	-0.00400000000000000
930922	0	0.00700000000000000	-0.00800000000000000
930923	0	0.00400000000000000	0.00100000000000000
930924	0	0	0.00100000000000000
930927	0	0.00800000000000000	0.00600000000000000
930928	0	0	0.00100000000000000
930929	0	-0.00200000000000000	0
930930	0	-0.00100000000000000	-0.00100000000000000
931001	0	0.00400000000000000	0.00200000000000000
931004	0	0	0.00400000000000000
931005	0	0	0.00400000000000000
931006	0	-0.00100000000000000	0.00600000000000000
931007	0	-0.00300000000000000	-0.00200000000000000
931008	0	0.00200000000000000	0.00600000000000000
931011	0	0.00200000000000000	0
931012	0	0.00200000000000000	0.00200000000000000
931013	0	0.00100000000000000	-0.00300000000000000
931014	0	0.00900000000000000	0
931015	0	0.00500000000000000	0.00700000000000000
931018	0	-0.00200000000000000	-0.00200000000000000
931019	0	-0.00600000000000000	-0.00400000000000000
931020	0	-0.00100000000000000	0.00100000000000000
931021	0	-0.00100000000000000	0
931022	0	-0.00300000000000000	0.00100000000000000
931025	0	0.00100000000000000	0.00300000000000000
931026	0	-0.00100000000000000	-0.00500000000000000
931027	0	0.00100000000000000	-0.00500000000000000
931028	0	0.00600000000000000	-0.00300000000000000
931029	0	0.00200000000000000	0.0130000000000000
931101	0	0.00200000000000000	-0.00500000000000000
931102	0	-0.00100000000000000	0.00200000000000000
931103	0	-0.0110000000000000	-0.00200000000000000
931104	0	-0.0120000000000000	-0.0120000000000000
931105	0	0.00300000000000000	-0.0100000000000000
931108	0	0.00300000000000000	0.00400000000000000
931109	0	0.00100000000000000	-0.00700000000000000
931110	0	0.00600000000000000	0.00300000000000000
931111	0	-0.00100000000000000	0.00300000000000000
931112	0	0.00500000000000000	0.00700000000000000
931115	0	-0.00300000000000000	-0.00200000000000000
931116	0	0.00400000000000000	0.00200000000000000
931117	0	-0.00400000000000000	-0.00400000000000000
931118	0	-0.00300000000000000	0.00100000000000000
931119	0	-0.00300000000000000	-0.00800000000000000
931122	0	-0.00900000000000000	-0.0150000000000000
931123	0	0.00400000000000000	-0.00200000000000000
931124	0	0.00400000000000000	0.00200000000000000
931126	0	0.00200000000000000	-0.00900000000000000
931129	0	-0.00200000000000000	-0.0170000000000000
931130	0	-0.00100000000000000	0.00700000000000000
931201	0	0.00200000000000000	0.0180000000000000
931202	0	0.00200000000000000	0.00600000000000000
931203	0	0.00300000000000000	0.00200000000000000
931206	0	0.00400000000000000	0.00200000000000000
931207	0	0.00100000000000000	0.00300000000000000
931208	0	0	-0.00300000000000000
931209	0	-0.00300000000000000	0.00700000000000000
931210	0	0	0.00300000000000000
931213	0	0.00200000000000000	0.00300000000000000
931214	0	-0.00500000000000000	-0.00900000000000000
931215	0	-0.00300000000000000	-0.00300000000000000
931216	0	0.00200000000000000	0.00800000000000000
931217	0	0.00700000000000000	0.00800000000000000
931220	0	-0.00100000000000000	-0.00800000000000000
931221	0	-0.00200000000000000	0
931222	0	0.00400000000000000	0.00600000000000000
931223	0	0.00100000000000000	0.00600000000000000
931227	0	0.00600000000000000	-0.00200000000000000
931228	0	0.00200000000000000	0.00500000000000000
931229	0	0.00100000000000000	0
931230	0	-0.00300000000000000	-0.00400000000000000
931231	0	-0.00200000000000000	0
940103	0	-0.00300000000000000	0.00100000000000000
940104	0	0.00200000000000000	0.00300000000000000
940105	0	0.00200000000000000	0.00300000000000000
940106	0	-0.00100000000000000	-0.00100000000000000
940107	0	0.00500000000000000	0.00600000000000000
940110	0	0.00900000000000000	0.00900000000000000
940111	0	-0.00100000000000000	-0.00500000000000000
940112	0	0	-0.00300000000000000
940113	0	-0.00200000000000000	-0.00800000000000000
940114	0	0.00500000000000000	0.0130000000000000
940117	0	-0.00200000000000000	-0.00100000000000000
940118	0	0.00200000000000000	0.00300000000000000
940119	0	0	0.00800000000000000
940120	0	0.00100000000000000	0.00100000000000000
940121	0	-0.00100000000000000	0.00200000000000000
940124	0	-0.00400000000000000	-0.0150000000000000
940125	0	-0.00200000000000000	0.00300000000000000
940126	0	0.00400000000000000	0.00900000000000000
940127	0	0.00800000000000000	0.00600000000000000
940128	0	0.00400000000000000	0.00500000000000000
940131	0	0.00600000000000000	0.0240000000000000
940201	0	-0.00200000000000000	0.00600000000000000
940202	0	0.00500000000000000	-0.00200000000000000
940203	0	-0.00200000000000000	-0.00400000000000000
940204	0	-0.0220000000000000	-0.0100000000000000
940207	0	0.00400000000000000	-0.0140000000000000
940208	0	0	0.00300000000000000
940209	0	0.00400000000000000	-0.00100000000000000
940210	0	-0.00700000000000000	-0.00400000000000000
940211	0	0.00100000000000000	0
940214	0	0	0.00300000000000000
940215	0	0.00400000000000000	0.00300000000000000
940216	0	0	0.00100000000000000
940217	0	-0.00400000000000000	-0.00300000000000000
940218	0	-0.00500000000000000	-0.00200000000000000
940222	0	0.00600000000000000	0.00500000000000000
940223	0	-0.00100000000000000	0.00300000000000000
940224	0	-0.0130000000000000	-0.00600000000000000
940225	0	0.00300000000000000	0.00400000000000000
940228	0	0.00300000000000000	0.00900000000000000
940301	0	-0.00500000000000000	-0.00600000000000000
940302	0	0	-0.00900000000000000
940303	0	-0.00300000000000000	-0.00400000000000000
940304	0	0.00400000000000000	0.00200000000000000
940307	0	0.00600000000000000	0.00300000000000000
940308	0	-0.00200000000000000	0.00200000000000000
940309	0	0.00200000000000000	-0.00400000000000000
940310	0	-0.00600000000000000	0.00200000000000000
940311	0	0.00500000000000000	0.00100000000000000
940314	0	0.00300000000000000	0.00500000000000000
940315	0	0	0.00100000000000000
940316	0	0.00500000000000000	0.00400000000000000
940317	0	0.00300000000000000	0.00100000000000000
940318	0	0.00100000000000000	-0.00800000000000000
940321	0	-0.00500000000000000	-0.00700000000000000
940322	0	0.00100000000000000	0
940323	0	0	-0.00100000000000000
940324	0	-0.00900000000000000	-0.00600000000000000
940325	0	-0.00600000000000000	-0.00100000000000000
940328	0	-0.00300000000000000	0.00100000000000000
940329	0	-0.0170000000000000	-0.00800000000000000
940330	0	-0.0160000000000000	-0.0120000000000000
940331	0	-0.00100000000000000	-0.00300000000000000
940404	0	-0.0150000000000000	-0.00900000000000000
940405	0	0.0220000000000000	0.0140000000000000
940406	0	0.00100000000000000	0.00300000000000000
940407	0	0.00600000000000000	0.00500000000000000
940408	0	-0.00700000000000000	-0.00200000000000000
940411	0	0.00400000000000000	0.0110000000000000
940412	0	-0.00400000000000000	-0.00300000000000000
940413	0	-0.00400000000000000	0
940414	0	0	-0.00100000000000000
940415	0	0	0.00400000000000000
940418	0	-0.00800000000000000	-0.00400000000000000
940419	0	-0.00100000000000000	-0.00100000000000000
940420	0	-0.00300000000000000	-0.00600000000000000
940421	0	0.0140000000000000	0.00400000000000000
940422	0	-0.00100000000000000	0.00400000000000000
940425	0	0.0100000000000000	0.00400000000000000
940426	0	0	0.00300000000000000
940428	0	-0.00500000000000000	0
940429	0	0.00500000000000000	0.00400000000000000
940502	0	0.00500000000000000	0
940503	0	0	-0.00100000000000000
940504	0	-0.00200000000000000	-0.0100000000000000
940505	0	-0.00100000000000000	-0.00200000000000000
940506	0	-0.00800000000000000	0.00200000000000000
940509	0	-0.0120000000000000	-0.00800000000000000
940510	0	0.00600000000000000	0.00300000000000000
940511	0	-0.0100000000000000	-0.00100000000000000
940512	0	0.00400000000000000	0.00500000000000000
940513	0	0.00100000000000000	0.00100000000000000
940516	0	0	0
940517	0	0.0100000000000000	0.00500000000000000
940518	0	0.0100000000000000	0.00800000000000000
940519	0	0.00600000000000000	0.00100000000000000
940520	0	-0.00200000000000000	0.00200000000000000
940523	0	-0.00300000000000000	-0.00100000000000000
940524	0	0.00300000000000000	-0.00200000000000000
940525	0	0.00300000000000000	-0.00300000000000000
940526	0	0.00300000000000000	0
940527	0	0.00100000000000000	0.00100000000000000
940531	0	-0.00200000000000000	-0.00100000000000000
940601	0	0.00300000000000000	0.00100000000000000
940602	0	0.00100000000000000	-0.00300000000000000
940603	0	0.00500000000000000	-0.00100000000000000
940606	0	0	-0.00200000000000000
940607	0	-0.00200000000000000	0.00200000000000000
940608	0	-0.00300000000000000	0.00600000000000000
940609	0	0.00100000000000000	0
940610	0	0.00200000000000000	0.00100000000000000
940613	0	0.00100000000000000	0.00400000000000000
940614	0	0.00500000000000000	0.00200000000000000
940615	0	-0.00300000000000000	-0.00300000000000000
940616	0	0.00300000000000000	-0.00300000000000000
940617	0	-0.00600000000000000	-0.00300000000000000
940620	0	-0.00800000000000000	-0.00500000000000000
940621	0	-0.00800000000000000	-0.00800000000000000
940622	0	0.00300000000000000	0.00300000000000000
940623	0	-0.00700000000000000	0.00400000000000000
940624	0	-0.0150000000000000	-0.0100000000000000
940627	0	0.00800000000000000	0.00400000000000000
940628	0	-0.00300000000000000	0.00300000000000000
940629	0	0.00400000000000000	0.00700000000000000
940630	0	-0.00600000000000000	0
940701	0	0.00500000000000000	-0.00500000000000000
940705	0	0.00100000000000000	0.00100000000000000
940706	0	0	0.00300000000000000
940707	0	0.00400000000000000	0
940708	0	0.00200000000000000	-0.00100000000000000
940711	0	-0.00300000000000000	0.00100000000000000
940712	0	0.00100000000000000	0.00800000000000000
940713	0	0.00200000000000000	0.00200000000000000
940714	0	0.0110000000000000	0
940715	0	0.00200000000000000	0.00700000000000000
940718	0	0.00200000000000000	0.00300000000000000
940719	0	-0.00200000000000000	0.00200000000000000
940720	0	-0.00400000000000000	-0.00300000000000000
940721	0	0.00100000000000000	-0.00200000000000000
940722	0	0	-0.00300000000000000
940725	0	0.00200000000000000	-0.00300000000000000
940726	0	-0.00100000000000000	-0.00100000000000000
940727	0	-0.00200000000000000	0.00200000000000000
940728	0	0.00300000000000000	-0.00200000000000000
940729	0	0.00800000000000000	0
940801	0	0.00600000000000000	0.00400000000000000
940802	0	0.00200000000000000	0.00800000000000000
940803	0	0.00100000000000000	0.00400000000000000
940804	0	-0.00500000000000000	0.00100000000000000
940805	0	-0.00300000000000000	-0.00200000000000000
940808	0	0.00200000000000000	-0.00300000000000000
940809	0	0	0
940810	0	0.00500000000000000	-0.00200000000000000
940811	0	-0.00300000000000000	0.00400000000000000
940812	0	0.00500000000000000	-0.00400000000000000
940815	0	0	0.00400000000000000
940816	0	0.00600000000000000	-0.00100000000000000
940817	0	0	0.00400000000000000
940818	0	-0.00400000000000000	0.00400000000000000
940819	0	0.00200000000000000	0.00300000000000000
940822	0	-0.00200000000000000	-0.00100000000000000
940823	0	0.00500000000000000	-0.00100000000000000
940824	0	0.00800000000000000	-0.00100000000000000
940825	0	-0.00100000000000000	0.00700000000000000
940826	0	0.0110000000000000	-0.00400000000000000
940829	0	0.00200000000000000	0.00300000000000000
940830	0	0.00300000000000000	0.00100000000000000
940831	0	0	0.00300000000000000
940901	0	-0.00400000000000000	0.00100000000000000
940902	0	-0.00300000000000000	-0.00200000000000000
940906	0	0	-0.00200000000000000
940907	0	-0.00100000000000000	0
940908	0	0.00400000000000000	-0.00600000000000000
940909	0	-0.00900000000000000	-0.00100000000000000
940912	0	-0.00400000000000000	-0.00300000000000000
940913	0	0.00200000000000000	-0.00300000000000000
940914	0	0.00200000000000000	0.00200000000000000
940915	0	0.0110000000000000	0
940916	0	-0.00500000000000000	0.00400000000000000
940919	0	-0.00100000000000000	-0.00200000000000000
940920	0	-0.0140000000000000	-0.00600000000000000
940921	0	-0.00500000000000000	-0.00100000000000000
940922	0	-0.00100000000000000	-0.00100000000000000
940923	0	-0.00300000000000000	0.0130000000000000
940926	0	0.00300000000000000	-0.0140000000000000
940927	0	0.00200000000000000	-0.00500000000000000
940928	0	0.00600000000000000	-0.00100000000000000
940929	0	-0.00400000000000000	0.00400000000000000
940930	0	0.00100000000000000	-0.00300000000000000
941003	0	-0.00200000000000000	-0.00200000000000000
941004	0	-0.0140000000000000	-0.00600000000000000
941005	0	-0.00400000000000000	-0.00600000000000000
941006	0	-0.00200000000000000	-0.00200000000000000
941007	0	0.00600000000000000	-0.00200000000000000
941010	0	0.00700000000000000	0.00200000000000000
941011	0	0.0120000000000000	0.00500000000000000
941012	0	0	0.0110000000000000
941013	0	0.00400000000000000	0.00600000000000000
941014	0	0.00200000000000000	0.00600000000000000
941017	0	0	0.00400000000000000
941018	0	-0.00200000000000000	0.00300000000000000
941019	0	0.00400000000000000	-0.00200000000000000
941020	0	-0.00700000000000000	0.00100000000000000
941021	0	-0.00400000000000000	-0.00100000000000000
941024	0	-0.00800000000000000	-0.00400000000000000
941025	0	0	-0.00400000000000000
941026	0	0.00200000000000000	-0.00300000000000000
941027	0	0.00600000000000000	0.00100000000000000
941028	0	0.0150000000000000	0.00500000000000000
941031	0	-0.00200000000000000	0.00700000000000000
941101	0	-0.00800000000000000	0.00700000000000000
941102	0	-0.00300000000000000	-0.00400000000000000
941103	0	0.00300000000000000	-0.00300000000000000
941104	0	-0.00900000000000000	-0.00600000000000000
941107	0	0	-0.00500000000000000
941108	0	0.00400000000000000	-0.00300000000000000
941109	0	-0.00100000000000000	0.00400000000000000
941110	0	-0.00200000000000000	-0.00500000000000000
941111	0	-0.00400000000000000	-0.00500000000000000
941114	0	0.00600000000000000	0
941115	0	-0.00100000000000000	-0.00100000000000000
941116	0	0	0.00500000000000000
941117	0	-0.00400000000000000	-0.00200000000000000
941118	0	-0.00500000000000000	-0.00200000000000000
941121	0	-0.00700000000000000	-0.00500000000000000
941122	0	-0.0170000000000000	-0.00500000000000000
941123	0	0	-0.0120000000000000
941125	0	0.00600000000000000	-0.00800000000000000
941128	0	0.00300000000000000	0.00100000000000000
941129	0	0.00100000000000000	0.00400000000000000
941130	0	-0.00200000000000000	0.00300000000000000
941201	0	-0.00900000000000000	0.00300000000000000
941202	0	0.00800000000000000	-0.00800000000000000
941205	0	0.00100000000000000	-0.00300000000000000
941206	0	-0.00100000000000000	0.00500000000000000
941207	0	-0.00400000000000000	-0.00100000000000000
941208	0	-0.0130000000000000	-0.00400000000000000
941209	0	0.00200000000000000	-0.00900000000000000
941212	0	0.00400000000000000	-0.00500000000000000
941213	0	0.00300000000000000	0.00100000000000000
941214	0	0.0100000000000000	-0.00100000000000000
941215	0	0.00300000000000000	0.00800000000000000
941216	0	0.00600000000000000	0.00400000000000000
941219	0	-0.00200000000000000	0.00500000000000000
941220	0	-0.00100000000000000	0.00100000000000000
941221	0	0.00500000000000000	0.00200000000000000
941222	0	-0.00100000000000000	0.00400000000000000
941223	0	0.00200000000000000	0.00300000000000000
941227	0	0.00400000000000000	0.00300000000000000
941228	0	-0.00300000000000000	0.00100000000000000
941229	0	0.00100000000000000	-0.00200000000000000
941230	0	-0.00200000000000000	0.00400000000000000
950103	0	-0.00100000000000000	0
950104	0	0.00300000000000000	-0.00300000000000000
950105	0	0	-0.00300000000000000
950106	0	0.00100000000000000	-0.00200000000000000
950109	0	0.00100000000000000	-0.00300000000000000
950110	0	0.00100000000000000	-0.00200000000000000
950111	0	0	0.00300000000000000
950112	0	0	0.00200000000000000
950113	0	0.00900000000000000	-0.00100000000000000
950116	0	0.00800000000000000	0.00200000000000000
950117	0	0.00100000000000000	0.00900000000000000
950118	0	-0.00100000000000000	-0.00500000000000000
950119	0	-0.00500000000000000	-0.00200000000000000
950120	0	-0.00400000000000000	-0.00800000000000000
950123	0	0	-0.00500000000000000
950124	0	0.00100000000000000	-0.0190000000000000
950125	0	0.00300000000000000	0.00500000000000000
950126	0	0.00100000000000000	0.00400000000000000
950127	0	0.00400000000000000	0.00200000000000000
950130	0	-0.00400000000000000	0.00300000000000000
950131	0	0.00400000000000000	0.00900000000000000
950201	0	0.00100000000000000	-0.00300000000000000
950202	0	0.00400000000000000	0.00100000000000000
950203	0	0.0120000000000000	0.00100000000000000
950206	0	0.00600000000000000	0.00500000000000000
950207	0	-0.00100000000000000	0.00800000000000000
950208	0	0.00100000000000000	-0.00300000000000000
950209	0	-0.00100000000000000	0
950210	0	0.00200000000000000	-0.00400000000000000
950213	0	0.00100000000000000	0.00500000000000000
950214	0	0.00100000000000000	0
950215	0	0.00400000000000000	-0.00400000000000000
950216	0	0	0.00200000000000000
950217	0	-0.00500000000000000	0
950221	0	0	0.00200000000000000
950222	0	0.00400000000000000	0
950223	0	0.00500000000000000	0.00300000000000000
950224	0	0.00200000000000000	0.00100000000000000
950227	0	-0.00800000000000000	-0.00400000000000000
950228	0	0.00700000000000000	-0.0120000000000000
950301	0	-0.00300000000000000	0.0100000000000000
950302	0	-0.00100000000000000	-0.00400000000000000
950303	0	0	0.00600000000000000
950306	0	-0.00100000000000000	0.0100000000000000
950307	0	-0.00700000000000000	0.00400000000000000
950308	0	0.00100000000000000	-0.00400000000000000
950309	0	0.00100000000000000	-0.00100000000000000
950310	0	0.0120000000000000	-0.00100000000000000
950313	0	0.00100000000000000	-0.00500000000000000
950314	0	0.00500000000000000	0.00400000000000000
950315	0	-0.00100000000000000	-0.00200000000000000
950316	0	0.00600000000000000	0.0100000000000000
950317	0	0	0.00200000000000000
950320	0	0.00100000000000000	-0.00200000000000000
950321	0	-0.00200000000000000	-0.00100000000000000
950322	0	0.00100000000000000	-0.00100000000000000
950323	0	0.00100000000000000	-0.00200000000000000
950324	0	0.00900000000000000	-0.00200000000000000
950327	0	0.00500000000000000	0
950328	0	0.00100000000000000	0.00100000000000000
950329	0	0	0.0210000000000000
950330	0	0	0.00400000000000000
950331	0	-0.00300000000000000	-0.00500000000000000
950403	0	0.00100000000000000	0.0120000000000000
950404	0	0.00600000000000000	-0.0130000000000000
950405	0	0.00100000000000000	0.00800000000000000
950406	0	0.00200000000000000	0.00400000000000000
950407	0	-0.00100000000000000	0.00500000000000000
950410	0	0.00100000000000000	0.00300000000000000
950411	0	-0.00200000000000000	0.00500000000000000
950412	0	0.00300000000000000	0
950413	0	0.00300000000000000	0.00100000000000000
950417	0	-0.00500000000000000	0.00400000000000000
950418	0	-0.00200000000000000	0.00800000000000000
950419	0	-0.00100000000000000	-0.00200000000000000
950420	0	0.00200000000000000	0.00200000000000000
950421	0	0.00500000000000000	-0.00400000000000000
950424	0	0.00800000000000000	0.00700000000000000
950425	0	-0.00100000000000000	0.00100000000000000
950426	0	0.00100000000000000	0.00900000000000000
950427	0	0.00200000000000000	-0.0100000000000000
950428	0	0.00100000000000000	0.00500000000000000
950501	0	0	0
950502	0	0.00100000000000000	0
950503	0	0.00900000000000000	0.00900000000000000
950504	0	0	0.00600000000000000
950505	0	0	0.00100000000000000
950508	0	0.00600000000000000	-0.00400000000000000
950509	0	0.00100000000000000	0.00900000000000000
950510	0	0.00200000000000000	-0.00200000000000000
950511	0	0.00100000000000000	-0.00400000000000000
950512	0	0.00200000000000000	-0.0100000000000000
950515	0	0.00400000000000000	-0.00500000000000000
950516	0	0.00100000000000000	0.00100000000000000
950517	0	-0.00300000000000000	0
950518	0	-0.0130000000000000	0
950519	0	-0.00100000000000000	-0.0140000000000000
950522	0	0.00700000000000000	-0.00100000000000000
950523	0	0.00800000000000000	-0.00300000000000000
950524	0	0	0.0100000000000000
950525	0	0	0.00400000000000000
950526	0	-0.00800000000000000	0.00900000000000000
950530	0	0.00100000000000000	0.00300000000000000
950531	0	0.0150000000000000	-0.00100000000000000
950601	0	0.00100000000000000	-0.00200000000000000
950602	0	0	0.00200000000000000
950605	0	0.00500000000000000	0.00800000000000000
950606	0	0.00100000000000000	0.00300000000000000
950607	0	-0.00400000000000000	-0.00600000000000000
950608	0	-0.00200000000000000	0.00100000000000000
950609	0	-0.00800000000000000	-0.00900000000000000
950612	0	0.00500000000000000	-0.00500000000000000
950613	0	0.00900000000000000	-0.00300000000000000
950614	0	0.00100000000000000	0.00100000000000000
950615	0	0.00200000000000000	0.00300000000000000
950616	0	0.00400000000000000	0.00100000000000000
950619	0	0.00800000000000000	0.00300000000000000
950620	0	-0.00100000000000000	0.00500000000000000
950621	0	0	0
950622	0	0.0110000000000000	0.00500000000000000
950623	0	-0.00200000000000000	0.00700000000000000
950626	0	-0.00900000000000000	0.00200000000000000
950627	0	-0.00200000000000000	-0.00900000000000000
950628	0	0.00400000000000000	-0.00300000000000000
950629	0	-0.00100000000000000	-0.00500000000000000
950630	0	0.00200000000000000	-0.00300000000000000
950703	0	0.00400000000000000	0.00200000000000000
950705	0	0.00100000000000000	0.00800000000000000
950706	0	0.0110000000000000	0.00300000000000000
950707	0	0.00400000000000000	0.00900000000000000
950710	0	0.00100000000000000	0.0130000000000000
950711	0	-0.00200000000000000	0.00200000000000000
950712	0	0.00900000000000000	0.00200000000000000
950713	0	0	0.00400000000000000
950714	0	-0.00300000000000000	0.00200000000000000
950717	0	0.00400000000000000	-0.00300000000000000
950718	0	-0.00600000000000000	0.00300000000000000
950719	0	-0.0120000000000000	-0.00500000000000000
950720	0	0.00600000000000000	-0.00900000000000000
950721	0	0.00100000000000000	0.00400000000000000
950724	0	0.00500000000000000	-0.00100000000000000
950725	0	0.00600000000000000	0.00800000000000000
950726	0	0.00100000000000000	-0.00200000000000000
950727	0	0.00600000000000000	0.00500000000000000
950728	0	-0.00200000000000000	0.00400000000000000
950731	0	0	0
950801	0	-0.00300000000000000	0
950802	0	0	-0.00700000000000000
950803	0	-0.00100000000000000	-0.00200000000000000
950804	0	0	0.00400000000000000
950807	0	0.00200000000000000	-0.00200000000000000
950808	0	0	-0.00200000000000000
950809	0	-0.00200000000000000	0
950810	0	-0.00200000000000000	-0.00100000000000000
950811	0	-0.00500000000000000	-0.00800000000000000
950814	0	0.00700000000000000	-0.00600000000000000
950815	0	-0.00100000000000000	0.00200000000000000
950816	0	0.00300000000000000	-0.00700000000000000
950817	0	0	0.00900000000000000
950818	0	0.00100000000000000	-0.00400000000000000
950821	0	0	0.00400000000000000
950822	0	0.00100000000000000	-0.00200000000000000
950823	0	-0.00400000000000000	-0.00100000000000000
950824	0	0.00100000000000000	-0.00100000000000000
950825	0	0.00500000000000000	-0.00100000000000000
950828	0	-0.00100000000000000	0.00200000000000000
950829	0	0.00100000000000000	0
950830	0	0.00200000000000000	-0.00100000000000000
950831	0	0.00200000000000000	-0.00400000000000000
950901	0	0.00400000000000000	0.00400000000000000
950905	0	0.00700000000000000	0.00100000000000000
950906	0	0.00400000000000000	0.00400000000000000
950907	0	0	-0.00200000000000000
950908	0	0.00400000000000000	0.00100000000000000
950911	0	0.00200000000000000	0.00400000000000000
950912	0	0.00400000000000000	0.00500000000000000
950913	0	0.00400000000000000	0
950914	0	0.00700000000000000	0.00100000000000000
950915	0	0.00100000000000000	0.00500000000000000
950918	0	-0.00100000000000000	-0.00100000000000000
950919	0	0.00200000000000000	-0.00600000000000000
950920	0	0.00400000000000000	0.00200000000000000
950921	0	-0.00600000000000000	0.00500000000000000
950922	0	-0.00300000000000000	0.00500000000000000
950925	0	-0.00100000000000000	-0.00400000000000000
950926	0	0.00100000000000000	-0.00500000000000000
950927	0	-0.00100000000000000	0
950928	0	0.00700000000000000	0.00500000000000000
950929	0	0	0.00200000000000000
951002	0	-0.00400000000000000	0.00600000000000000
951003	0	0	-0.0100000000000000
951004	0	-0.00100000000000000	0.00200000000000000
951005	0	0.00100000000000000	0.00200000000000000
951006	0	0.00100000000000000	0.00200000000000000
951009	0	-0.00700000000000000	-0.00100000000000000
951010	0	-0.00300000000000000	-0.00500000000000000
951011	0	0.00400000000000000	-0.00600000000000000
951012	0	0.00600000000000000	-0.00400000000000000
951013	0	0.00400000000000000	0.00700000000000000
951016	0	-0.00200000000000000	0.00300000000000000
951017	0	0.00300000000000000	0.00100000000000000
951018	0	0.00100000000000000	0.00100000000000000
951019	0	0.00300000000000000	-0.00100000000000000
951020	0	-0.00500000000000000	0.00400000000000000
951023	0	-0.00500000000000000	0.00100000000000000
951024	0	0.00100000000000000	-0.00400000000000000
951025	0	-0.00700000000000000	-0.00100000000000000
951026	0	-0.00900000000000000	-0.00500000000000000
951027	0	0.00300000000000000	-0.0100000000000000
951030	0	0.00500000000000000	-0.00400000000000000
951031	0	-0.00100000000000000	0.00700000000000000
951101	0	0.00500000000000000	0.00200000000000000
951102	0	0.00900000000000000	-0.00200000000000000
951103	0	0.00200000000000000	0.00800000000000000
951106	0	-0.00200000000000000	0.00100000000000000
951107	0	-0.00200000000000000	-0.00100000000000000
951108	0	0.00800000000000000	-0.00100000000000000
951109	0	0.00200000000000000	0.00400000000000000
951110	0	-0.00100000000000000	0.00300000000000000
951113	0	0	0
951114	0	-0.00400000000000000	-0.00500000000000000
951115	0	0.00600000000000000	-0.00100000000000000
951116	0	0.00700000000000000	0.00500000000000000
951117	0	0.00500000000000000	0.00400000000000000
951120	0	-0.00300000000000000	0.00400000000000000
951121	0	0.00400000000000000	0.00400000000000000
951122	0	-0.00200000000000000	0.00300000000000000
951124	0	0.00200000000000000	-0.00100000000000000
951127	0	0.00200000000000000	0
951128	0	0.00500000000000000	0.00300000000000000
951129	0	0.00400000000000000	0.00600000000000000
951130	0	0	-0.00200000000000000
951201	0	0.00300000000000000	0
951204	0	0.0100000000000000	0.00500000000000000
951205	0	0.00600000000000000	0.00600000000000000
951206	0	0.00300000000000000	0.00300000000000000
951207	0	-0.00600000000000000	0.00300000000000000
951208	0	0.00100000000000000	0.00100000000000000
951211	0	0.00300000000000000	-0.00300000000000000
951212	0	-0.00100000000000000	0.00200000000000000
951213	0	0.00400000000000000	-0.00100000000000000
951214	0	-0.00600000000000000	0.00100000000000000
951215	0	-0.00200000000000000	0.00200000000000000
951218	0	-0.0150000000000000	-0.00400000000000000
951219	0	0.00700000000000000	-0.00800000000000000
951220	0	-0.00500000000000000	-0.00100000000000000
951221	0	0.00500000000000000	0.00200000000000000
951222	0	0.00300000000000000	0.00800000000000000
951226	0	0.00300000000000000	0
951227	0	0.00200000000000000	0
951228	0	0.00100000000000000	0.0110000000000000
951229	0	0.00300000000000000	-0.00200000000000000
