1570.51900000000
1568.65300000000
1567.96600000000
1590.93800000000
1616.06900000000
1644.63700000000
1654.06100000000
1657.98800000000
1633.24900000000
1628.43900000000
1646.69800000000
1629.91100000000
1696.76500000000
1747.32200000000
1815.84500000000
1848.92800000000
1871.31100000000
1903.11800000000
1941.10900000000
1944.44700000000
1964.67000000000
1966.04400000000
1978.80600000000
2043.79500000000
2082.27700000000
2098.08300000000
2085.41900000000
2052.53200000000
2042.42000000000
2044.28600000000
2066.86500000000
2107.80100000000
2168.47000000000
2204.00800000000
2233.36000000000
2245.33700000000
2234.83300000000
2252.50400000000
2249.75500000000
2286.47000000000
2300.31200000000
2294.61800000000
2317.00100000000
2292.45900000000
2230.21900000000
2243.37400000000
2295.20700000000
2348.02300000000
2392.88600000000
2455.81300000000
2453.94800000000
2462.58700000000
2517.36500000000
2504.80000000000
2508.72600000000
2476.23200000000
2491.15400000000
2537.98100000000
2579.11400000000
2631.83100000000
2679.14900000000
2708.40400000000
2733.33900000000
2740.01400000000
2775.94400000000
2810.59800000000
2863.51200000000
2885.79600000000
2950.49000000000
2984.75100000000
3025.49200000000
3033.64000000000
3108.15100000000
3150.16700000000
3214.07600000000
3291.82600000000
3372.32500000000
3384.00700000000
3406.29200000000
3433.68100000000
3464.11400000000
3464.31000000000
3491.79800000000
3518.20500000000
3590.65500000000
3651.61800000000
3676.45500000000
3691.96600000000
3750.18000000000
3760.88100000000
3784.24500000000
3766.28000000000
3759.99700000000
3767.06600000000
3800.54100000000
3759.80100000000
3864.05700000000
3885.85100000000
3916.67600000000
3927.86700000000
3997.66600000000
4092.10500000000
4131.07900000000
4198.71800000000
4305.33000000000
4355.10200000000
4331.93400000000
4373.26300000000
4335.37000000000
4347.93600000000
4305.82100000000
4288.93600000000
4237.59300000000
4268.61400000000
4340.86700000000
4397.80600000000
4496.76100000000
4530.33500000000
4552.03000000000
4584.62300000000
4639.99000000000
4731.09200000000
4815.81200000000
4815.32100000000
4830.83200000000
5021.18300000000
5070.66100000000
5137.41600000000
5147.43000000000
5152.33800000000
5189.44600000000
5204.66200000000
5221.25300000000
5115.91700000000
5107.37600000000
5202.11000000000
5307.54400000000
5266.11700000000
5329.82900000000
5263.36800000000
5177.07700000000
5204.85900000000
5185.22500000000
5189.83900000000
5253.84500000000
5372.33600000000
5478.36000000000
5590.46900000000
5699.83000000000
5797.90200000000
5854.25100000000
5902.35400000000
5956.93700000000
6007.78900000000
6101.73700000000
6148.56400000000
6207.36800000000
6232.00800000000
6291.69500000000
6323.40400000000
6365.02800000000
6435.02300000000
6493.43400000000
6606.82000000000
6639.11800000000
6723.54400000000
6759.37600000000
6848.61200000000
6918.11600000000
6963.47100000000
7013.14400000000
7030.91300000000
7112.10000000000
7130.26100000000
7130.75200000000
7076.85700000000
7040.82800000000
7086.47700000000
7120.73800000000
7154.11600000000
7228.23400000000
7297.93500000000
7369.50000000000
7450.68700000000
7459.71800000000
7497.51400000000
7535.99600000000
7637.40600000000
7715.05800000000
7815.68200000000
7859.46500000000
7951.64700000000
7973.73500000000
7987.97000000000
8053.05600000000
8111.95800000000
8169.19100000000
8303.09400000000
8372.69700000000
8470.57200000000
8536.05100000000
8665.83100000000
8773.72000000000
8838.41400000000
8936.19100000000
8995.28900000000
9098.85800000000
9237.08100000000
9315.51800000000
9392.58100000000
9502.23700000000
9671.08900000000
9695.63100000000
9847.89200000000
9836.60300000000
9887.74900000000
9875.57600000000
9905.91100000000
9871.06000000000
9910.03400000000
9977.28000000000
10031.5680000000
10090.6660000000
10095.7710000000
10126.0070000000
10212.6910000000
10398.7230000000
10466.9510000000
10543.6210000000
10634.2320000000
10728.6710000000
10796.4080000000
10875.8270000000
10946.1170000000
11049.9800000000
11086.1070000000
11217.2610000000
11291.6740000000
11314.0570000000
11356.3680000000
11357.8400000000
11491.3510000000
11625.7460000000
11620.7390000000
