18.4890022300000	24.1431650500000	2.48000000000000	286.600000000000
18.4252470500000	24.1431650500000	2.43000000000000	287.700000000000
18.4252470500000	24.1431650500000	2.80000000000000	289.200000000000
18.4890022300000	24.7529850200000	2.96000000000000	290.100000000000
18.4890022300000	24.7529850200000	2.90000000000000	292.200000000000
18.5527574100000	24.7529850200000	3.39000000000000	294.100000000000
18.6165125900000	24.7235638800000	3.47000000000000	295.200000000000
18.6165125900000	24.7235638800000	3.50000000000000	296.400000000000
18.6802677700000	24.7235638800000	3.76000000000000	296.700000000000
18.7440229500000	24.8100442000000	3.98000000000000	296.500000000000
18.7440229500000	24.8100442000000	4	297.100000000000
18.7440229500000	24.8100442000000	3.99000000000000	297.800000000000
18.6802677700000	25.3672627400000	3.99000000000000	298.200000000000
18.7440229500000	25.3672627400000	3.97000000000000	298.500000000000
18.7440229500000	25.3672627400000	3.84000000000000	299.400000000000
18.8077781300000	25.2486866400000	3.92000000000000	300.100000000000
18.8077781300000	25.2486866400000	3.85000000000000	300.900000000000
18.8715333100000	25.2486866400000	3.32000000000000	302.300000000000
18.8715333100000	25.2896979200000	3.23000000000000	304.100000000000
18.8715333100000	25.2896979200000	2.98000000000000	306.900000000000
18.8715333100000	25.2896979200000	2.60000000000000	308.400000000000
18.9990436700000	24.9651738400000	2.47000000000000	309.500000000000
18.9990436700000	24.9651738400000	2.44000000000000	310.900000000000
18.9990436700000	24.9651738400000	1.98000000000000	312.400000000000
18.9990436700000	25.1140626400000	1.45000000000000	314.100000000000
18.9990436700000	25.1140626400000	2.54000000000000	316.500000000000
18.9990436700000	25.1140626400000	2.02000000000000	318.300000000000
18.9990436700000	25.5839093100000	1.49000000000000	319.900000000000
18.9990436700000	25.5839093100000	1.98000000000000	322.200000000000
18.9990436700000	25.5839093100000	1.73000000000000	324.300000000000
19.1265540300000	25.9966968100000	1.17000000000000	325.600000000000
19.0627988500000	25.9966968100000	2	327.600000000000
19.1265540300000	25.9966968100000	1.88000000000000	329.500000000000
19.1265540300000	26.5262773100000	2.26000000000000	331.100000000000
19.1265540300000	26.5262773100000	2.61000000000000	333.400000000000
19.1265540300000	26.5262773100000	2.33000000000000	335.500000000000
19.1265540300000	27.0023648400000	2.15000000000000	337.500000000000
19.1903092100000	27.0023648400000	2.37000000000000	340.100000000000
19.1903092100000	27.0023648400000	2.85000000000000	343.100000000000
19.2540643900000	27.3001424300000	2.78000000000000	345.500000000000
19.2540643900000	27.3001424300000	2.36000000000000	347.500000000000
19.2540643900000	27.3001424300000	2.68000000000000	349.300000000000
19.3178195700000	27.5524509800000	2.71000000000000	350.800000000000
19.3178195700000	27.5524509800000	2.93000000000000	352.800000000000
19.3815747500000	27.5524509800000	2.90000000000000	354.900000000000
19.3815747500000	27.6193172100000	2.90000000000000	357.200000000000
19.3815747500000	27.6193172100000	2.94000000000000	359.800000000000
19.3815747500000	27.6193172100000	2.93000000000000	362.700000000000
19.3815747500000	27.9803948200000	2.92000000000000	365.200000000000
19.3815747500000	27.9803948200000	3	367.900000000000
19.4453299300000	27.9803948200000	2.98000000000000	370.700000000000
19.4453299300000	28.3307738400000	2.90000000000000	373.300000000000
19.4453299300000	28.3307738400000	3	376.100000000000
19.5090851100000	28.3307738400000	2.99000000000000	378.400000000000
19.5728402900000	28.8648120900000	3.02000000000000	381.100000000000
19.5728402900000	28.8648120900000	3.49000000000000	383.600000000000
19.5728402900000	28.8648120900000	3.48000000000000	386
19.6365954700000	29.0841333100000	3.50000000000000	388.300000000000
19.6365954700000	29.0841333100000	3.48000000000000	391.500000000000
19.7003506500000	29.0841333100000	3.38000000000000	393.200000000000
19.7003506500000	29.7367476700000	3.48000000000000	395.200000000000
19.7003506500000	29.7367476700000	3.48000000000000	397.600000000000
19.7003506500000	29.7367476700000	3.43000000000000	399.800000000000
19.7003506500000	30.0782111900000	3.47000000000000	401.700000000000
19.7003506500000	30.0782111900000	3.50000000000000	404.200000000000
19.7641058300000	30.0782111900000	3.50000000000000	407.100000000000
19.8278610100000	30.4865409400000	3.42000000000000	410.100000000000
19.7641058300000	30.4865409400000	3.50000000000000	413.400000000000
19.8278610100000	30.4865409400000	3.45000000000000	416.900000000000
19.8278610100000	30.5712381600000	3.36000000000000	419.100000000000
19.8916161900000	30.5712381600000	3.52000000000000	422
19.8916161900000	30.5712381600000	3.85000000000000	424.700000000000
19.8916161900000	31.3228145300000	3.90000000000000	427.500000000000
19.8916161900000	31.3228145300000	3.98000000000000	430.400000000000
19.9553713700000	31.3228145300000	4.04000000000000	433.200000000000
20.0191265500000	31.7471921800000	4.09000000000000	435.400000000000
20.0191265500000	31.7471921800000	4.10000000000000	437.100000000000
20.1466369100000	31.7471921800000	4.04000000000000	440.100000000000
20.1466369100000	32.3917825900000	4.09000000000000	442.900000000000
20.1466369100000	32.3917825900000	4.12000000000000	445.800000000000
20.1466369100000	32.3917825900000	4.01000000000000	449.500000000000
20.2103920900000	33.1727801000000	4.08000000000000	452.600000000000
20.2103920900000	33.1727801000000	4.10000000000000	455.700000000000
20.2741472700000	33.1727801000000	4.32000000000000	459.200000000000
20.2741472700000	33.9876564900000	4.42000000000000	462
20.4016576300000	33.9876564900000	4.60000000000000	464.600000000000
20.4654128100000	33.9876564900000	4.65000000000000	467.200000000000
20.5929231800000	34.1008833000000	4.67000000000000	469.300000000000
20.5929231800000	34.1008833000000	4.90000000000000	470.100000000000
20.6566783600000	34.1008833000000	5.17000000000000	471.200000000000
20.7204335400000	34.3246622700000	5.30000000000000	470.900000000000
20.8479439000000	34.3246622700000	5.53000000000000	472.600000000000
20.8479439000000	34.3246622700000	5.40000000000000	475.400000000000
20.9754542600000	34.6028257700000	5.53000000000000	475.700000000000
20.9754542600000	34.6028257700000	5.76000000000000	477.300000000000
20.9754542600000	34.6028257700000	5.40000000000000	480.200000000000
20.9754542600000	34.9077357500000	4.94000000000000	481.600000000000
20.9754542600000	34.9077357500000	5	485.100000000000
21.0392094400000	34.9077357500000	4.53000000000000	489.700000000000
21.1029646200000	34.9148681500000	4.05000000000000	492.100000000000
21.1667198000000	34.9148681500000	3.94000000000000	497.200000000000
21.2304749800000	34.9148681500000	3.98000000000000	502
21.2942301600000	35.1939232000000	3.79000000000000	506.300000000000
21.3579853400000	35.1939232000000	3.90000000000000	510.800000000000
21.4217405200000	35.1939232000000	3.99000000000000	514.700000000000
21.4854957000000	35.4622796500000	3.88000000000000	518.200000000000
21.5492508800000	35.4622796500000	4.13000000000000	521.200000000000
21.6130060600000	35.4622796500000	4.51000000000000	524.800000000000
21.7405164200000	36.1924588300000	4.60000000000000	527.400000000000
21.8042716000000	36.1924588300000	4.71000000000000	530.400000000000
21.8680267800000	36.1924588300000	5.05000000000000	533.200000000000
21.9317819600000	36.8076281000000	5.76000000000000	535.700000000000
21.9955371400000	36.8076281000000	6.11000000000000	538.900000000000
22.1230475000000	36.8076281000000	6.07000000000000	542.600000000000
22.2505578600000	37.0590451100000	6.02000000000000	545.600000000000
22.3143130400000	37.0590451100000	6.03000000000000	549.400000000000
22.3780682200000	37.0590451100000	5.78000000000000	553.600000000000
22.5055785800000	37.2195240500000	5.91000000000000	557.600000000000
22.5693337600000	37.2195240500000	5.82000000000000	562.400000000000
22.6330889400000	37.2195240500000	6.02000000000000	566.800000000000
22.6968441200000	37.8061637300000	6.30000000000000	569.300000000000
22.8243544800000	37.8061637300000	6.61000000000000	571.900000000000
23.0156200200000	37.8061637300000	6.79000000000000	574.400000000000
23.1431303800000	37.9158243400000	7.41000000000000	575.700000000000
23.2068855600000	37.9158243400000	8.67000000000000	576.500000000000
23.3343959200000	37.9158243400000	8.90000000000000	578.500000000000
23.4619062800000	38.1556512000000	8.61000000000000	579.500000000000
23.5894166400000	38.1556512000000	9.19000000000000	580.100000000000
23.6531718200000	38.1556512000000	9.15000000000000	582.100000000000
23.7806821800000	37.9764497200000	9	583.400000000000
23.9081925400000	37.9764497200000	8.85000000000000	585.400000000000
24.0357029000000	37.9764497200000	8.97000000000000	587.900000000000
24.0994580800000	37.9167158900000	8.98000000000000	589.600000000000
24.2269684400000	37.9167158900000	8.98000000000000	586.300000000000
24.3544788000000	37.9167158900000	7.76000000000000	587.300000000000
24.5457443400000	37.9862567600000	8.10000000000000	588.400000000000
24.6094995200000	37.9862567600000	7.94000000000000	591.500000000000
24.7370098800000	37.9862567600000	7.60000000000000	595.200000000000
24.8645202400000	38.3241540900000	7.21000000000000	599.100000000000
24.8645202400000	38.3241540900000	6.61000000000000	604.900000000000
24.9920306000000	38.3241540900000	6.29000000000000	611.200000000000
25.1195409600000	37.9176074400000	6.20000000000000	616.400000000000
25.2470513200000	37.9176074400000	5.60000000000000	621.100000000000
25.3745616800000	37.9176074400000	4.90000000000000	626.500000000000
25.3745616800000	38.9633952000000	4.14000000000000	632.900000000000
25.4383168600000	38.9633952000000	3.72000000000000	641
25.5020720400000	38.9633952000000	3.71000000000000	649.900000000000
25.5658272200000	39.1844995200000	4.15000000000000	658.400000000000
25.6933375800000	39.1844995200000	4.63000000000000	666.700000000000
25.8846031200000	39.1844995200000	4.91000000000000	673
25.9483583000000	39.4974334500000	5.31000000000000	679.600000000000
26.0121134800000	39.4974334500000	5.56000000000000	685.500000000000
26.0121134800000	39.4974334500000	5.55000000000000	692.500000000000
26.0758686600000	39.6070940600000	5.20000000000000	698.400000000000
26.0758686600000	39.6070940600000	4.91000000000000	704.600000000000
26.2033790200000	39.6070940600000	4.14000000000000	710.300000000000
26.2033790200000	40.3149845000000	3.50000000000000	717.700000000000
26.3308893800000	40.3149845000000	3.29000000000000	725.700000000000
26.3946445600000	40.3149845000000	3.83000000000000	733.500000000000
26.4583997400000	41.2707257400000	4.17000000000000	738.400000000000
26.5221549300000	41.2707257400000	4.27000000000000	743.300000000000
26.5859101100000	41.2707257400000	4.46000000000000	749.700000000000
26.7134204700000	41.6665738000000	4.55000000000000	759.500000000000
26.7771756500000	41.6665738000000	4.80000000000000	768.700000000000
26.8409308300000	41.6665738000000	4.87000000000000	778.300000000000
26.9684411900000	42.3530670400000	5.04000000000000	786.900000000000
27.0321963700000	42.3530670400000	5.06000000000000	793.900000000000
27.0959515500000	42.3530670400000	5.33000000000000	802.300000000000
27.1597067300000	43.4362998900000	5.94000000000000	810.300000000000
27.3509722700000	43.4362998900000	6.58000000000000	814.100000000000
27.6059929900000	43.4362998900000	7.09000000000000	815.300000000000
27.7972585300000	43.9391339000000	7.12000000000000	819.700000000000
27.9885240700000	43.9391339000000	7.84000000000000	826.800000000000
28.1797896100000	43.9391339000000	8.49000000000000	833.300000000000
28.2435447900000	43.7046563400000	10.4000000000000	836.500000000000
28.7535862300000	43.7046563400000	10.5000000000000	838.800000000000
28.8173414100000	43.7046563400000	10.7800000000000	839.300000000000
29.0723621300000	44.1210100400000	10.0100000000000	842.600000000000
29.2636276700000	44.1210100400000	10.0300000000000	848.900000000000
29.4548932100000	44.1210100400000	9.95000000000000	855.500000000000
29.7099139300000	43.7340774800000	9.65000000000000	859.700000000000
30.0924450100000	43.7340774800000	8.97000000000000	864.200000000000
30.4749760900000	43.7340774800000	9.35000000000000	870.100000000000
30.6024864500000	43.8464127400000	10.5100000000000	872.900000000000
30.9850175300000	43.8464127400000	11.3100000000000	874.600000000000
31.2400382500000	43.8464127400000	11.9300000000000	877.800000000000
31.4950589700000	43.4131196000000	12.9200000000000	881.400000000000
31.8775900500000	43.4131196000000	12.0100000000000	884.100000000000
32.2601211300000	43.4131196000000	11.3400000000000	887.900000000000
32.5788970400000	43.2419420600000	10.0600000000000	893.300000000000
32.8339177600000	43.2419420600000	9.45000000000000	898.600000000000
33.0889384800000	43.2419420600000	8.53000000000000	902.100000000000
33.2164488400000	42.7159277600000	7.13000000000000	906.300000000000
33.4714695600000	42.7159277600000	6.24000000000000	914.100000000000
33.5989799200000	42.7159277600000	5.54000000000000	925
33.7264902800000	43.0422349400000	5.49000000000000	935.100000000000
33.9177558200000	43.0422349400000	5.22000000000000	947.900000000000
34.1727765400000	43.0422349400000	5.55000000000000	963
34.5553076200000	43.7670648200000	6.10000000000000	975.100000000000
34.6190628000000	43.7670648200000	6.14000000000000	983.100000000000
34.8103283400000	43.7670648200000	6.24000000000000	991.500000000000
35.0015938800000	44.3394397100000	5.82000000000000	997.800000000000
35.2566146000000	44.3394397100000	5.22000000000000	1006.90000000000
35.3841249600000	44.3394397100000	5.20000000000000	1016.20000000000
35.4478801400000	45.3468908300000	4.87000000000000	1026.60000000000
35.5753905000000	45.3468908300000	4.77000000000000	1040.30000000000
35.6391456800000	45.3468908300000	4.84000000000000	1050
35.7666560400000	45.6883543600000	4.82000000000000	1060.80000000000
36.0216767600000	45.6883543600000	5.29000000000000	1072.10000000000
36.2129423000000	45.6883543600000	5.48000000000000	1077.60000000000
36.4042078400000	45.9121333200000	5.31000000000000	1086.30000000000
36.5954733800000	45.9121333200000	5.29000000000000	1098.70000000000
36.7229837400000	45.9121333200000	5.25000000000000	1110.80000000000
36.9142492800000	46.2455729000000	5.02000000000000	1125
36.9780044600000	46.2455729000000	4.95000000000000	1138.20000000000
37.1055148200000	46.2455729000000	4.65000000000000	1152
37.2967803600000	46.7822858000000	4.61000000000000	1165.20000000000
37.6793114400000	46.7822858000000	4.68000000000000	1177.60000000000
37.9343321600000	46.7822858000000	4.69000000000000	1188.50000000000
38.2531080700000	47.7121721000000	4.73000000000000	1199.60000000000
38.4443736100000	47.7121721000000	5.35000000000000	1209
38.6993943300000	47.7121721000000	5.39000000000000	1217.80000000000
38.8906598700000	48.5653851400000	5.42000000000000	1226.70000000000
39.0181702300000	48.5653851400000	5.90000000000000	1237
39.1456805900000	48.5653851400000	6.14000000000000	1246.20000000000
39.2731909500000	48.5546865400000	6.47000000000000	1254
39.4644564900000	48.5546865400000	6.51000000000000	1262.40000000000
39.5919668500000	48.5546865400000	6.56000000000000	1270.30000000000
39.8469875700000	48.7205147800000	6.70000000000000	1279.70000000000
40.1020082900000	48.7205147800000	6.78000000000000	1285.50000000000
40.4207841900000	48.7205147800000	6.79000000000000	1292.20000000000
40.7395600900000	50.6373465700000	6.89000000000000	1300.40000000000
41.1220911700000	50.6373465700000	7.36000000000000	1310.50000000000
41.5683774300000	50.6373465700000	7.60000000000000	1318.50000000000
41.8871533300000	51.1339397400000	7.81000000000000	1324.10000000000
42.0784188700000	51.1339397400000	8.04000000000000	1333.50000000000
42.3971947700000	51.1339397400000	8.45000000000000	1345
42.7797258500000	51.8106259300000	8.96000000000000	1352.30000000000
42.9709913900000	51.8106259300000	9.76000000000000	1359.10000000000
43.1622569300000	51.8106259300000	10.0300000000000	1366
43.5447880100000	51.8971062500000	10.0700000000000	1371.60000000000
44.0548294500000	51.8971062500000	10.0600000000000	1377.80000000000
44.5011157200000	51.8971062500000	10.0900000000000	1387.80000000000
45.0111571600000	51.9452499300000	10.0100000000000	1402.10000000000
45.5849537800000	51.9452499300000	10.2400000000000	1410.20000000000
46.0949952200000	51.9452499300000	10.2900000000000	1423
46.6050366600000	52.3188092500000	10.4700000000000	1434.80000000000
47.0513229200000	52.3188092500000	10.9400000000000	1446.60000000000
47.5613643600000	52.3188092500000	11.4300000000000	1454.10000000000
47.9438954400000	52.4632402900000	13.7700000000000	1460.40000000000
48.3901817000000	52.4632402900000	13.1800000000000	1465.90000000000
48.9002231400000	52.4632402900000	13.7800000000000	1473.70000000000
49.6015301200000	52.6317431800000	13.8200000000000	1482.70000000000
50.3028371100000	52.6317431800000	14.1300000000000	1494.60000000000
51.0678992700000	52.6317431800000	17.1900000000000	1499.80000000000
51.6416958900000	51.5529680800000	17.6100000000000	1502.20000000000
52.1517373300000	51.5529680800000	10.9800000000000	1512.30000000000
52.7255339500000	51.5529680800000	9.47000000000000	1529.20000000000
52.7255339500000	51.4575722700000	9.03000000000000	1545.50000000000
53.1080650300000	51.4575722700000	9.61000000000000	1561.50000000000
53.5543512900000	51.4575722700000	10.8700000000000	1574
54.0643927300000	52.4088557600000	12.8100000000000	1584.80000000000
54.5106789900000	52.4088557600000	15.8500000000000	1595.80000000000
55.0207204300000	52.4088557600000	18.9000000000000	1599.80000000000
55.4670066900000	53.4983294600000	19.0800000000000	1606.90000000000
56.0408033200000	53.4983294600000	15.9300000000000	1618.70000000000
56.4233344000000	53.4983294600000	14.7000000000000	1636.60000000000
56.8058654800000	53.0712771700000	15.7200000000000	1659.20000000000
57.2521517400000	53.0712771700000	18.5200000000000	1664.20000000000
57.7621931800000	53.0712771700000	19.1000000000000	1670.30000000000
58.3997449800000	53.7158675800000	19.0400000000000	1681.90000000000
58.8460312400000	53.7158675800000	17.8200000000000	1694.30000000000
59.4198278600000	53.7158675800000	15.8700000000000	1706
59.5473382200000	53.0472053300000	15.0800000000000	1721.80000000000
59.7386037600000	53.0472053300000	13.3100000000000	1736.10000000000
59.9298693000000	53.0472053300000	12.3700000000000	1755.50000000000
60.1211348400000	52.1761613000000	13.2200000000000	1770.40000000000
60.3124003800000	52.1761613000000	14.7800000000000	1774.50000000000
60.2486452000000	52.1761613000000	14.6800000000000	1786.50000000000
60.5036659200000	52.4587825400000	14.9400000000000	1803.90000000000
61.0774625400000	52.4587825400000	14.4500000000000	1815.40000000000
61.8425247100000	52.4587825400000	14.1500000000000	1826
62.1613006100000	52.2572923200000	12.5900000000000	1833.70000000000
62.2888109700000	52.2572923200000	10.1200000000000	1848.50000000000
62.4163213300000	52.2572923200000	10.3100000000000	1862.40000000000
62.6075868700000	52.2983036000000	9.71000000000000	1873.70000000000
62.4800765100000	52.2983036000000	9.20000000000000	1887.30000000000
62.2250557900000	52.2983036000000	8.95000000000000	1909.30000000000
62.3525661500000	52.9482433100000	8.68000000000000	1962.40000000000
62.4163213300000	52.9482433100000	8.51000000000000	1999.60000000000
62.4163213300000	52.9482433100000	8.77000000000000	2017.80000000000
62.8626075900000	54.1384621200000	8.80000000000000	2031.10000000000
63.2451386700000	54.1384621200000	8.63000000000000	2045.50000000000
63.4364042100000	54.1384621200000	8.98000000000000	2055.80000000000
63.6914249300000	55.2065386300000	9.37000000000000	2067.10000000000
63.8826904700000	55.2065386300000	9.56000000000000	2076.20000000000
64.2014663700000	55.2065386300000	9.45000000000000	2085.30000000000
64.3927319100000	56.3477222000000	9.48000000000000	2101.50000000000
64.5202422700000	56.3477222000000	9.34000000000000	2114.60000000000
64.5839974500000	56.3477222000000	9.47000000000000	2125.70000000000
64.9665285300000	57.4407621000000	9.56000000000000	2140.40000000000
65.2853044300000	57.4407621000000	9.59000000000000	2160.50000000000
65.4128147900000	57.4407621000000	9.91000000000000	2177.50000000000
65.7315906900000	58.4321653300000	10.2900000000000	2193.90000000000
65.9228562300000	58.4321653300000	10.3200000000000	2206.40000000000
66.1141217700000	58.4321653300000	11.0600000000000	2217.40000000000
66.3691424900000	59.0000824700000	11.2300000000000	2225.80000000000
66.6241632100000	59.0000824700000	11.6400000000000	2232.50000000000
66.9429391100000	59.0000824700000	11.3000000000000	2246.50000000000
67.1342046500000	59.4806277400000	9.99000000000000	2261.10000000000
67.1342046500000	59.4806277400000	9.43000000000000	2283.60000000000
67.1342046500000	59.4806277400000	8.38000000000000	2308.80000000000
67.2617150100000	60.0414124800000	8.35000000000000	2334.90000000000
67.5804909100000	60.0414124800000	8.50000000000000	2356.40000000000
67.8355116400000	60.0414124800000	8.58000000000000	2368.50000000000
68.1542875400000	60.5495957900000	8.27000000000000	2377.80000000000
68.4093082600000	60.5495957900000	7.97000000000000	2392.10000000000
68.6005738000000	60.5495957900000	7.53000000000000	2415.20000000000
68.7280841600000	61.4955299900000	7.88000000000000	2432
68.8555945200000	61.4955299900000	7.90000000000000	2446.50000000000
69.0468600600000	61.4955299900000	7.92000000000000	2458.80000000000
69.3018807800000	61.9627020200000	7.99000000000000	2470.60000000000
69.4931463200000	61.9627020200000	8.05000000000000	2480.20000000000
69.6844118600000	61.9627020200000	8.27000000000000	2494.60000000000
69.8756774000000	62.5582572000000	8.14000000000000	2504.80000000000
69.6844118600000	62.5582572000000	7.86000000000000	2515.30000000000
69.3656359600000	62.5582572000000	7.48000000000000	2535.60000000000
69.2381256000000	62.8096742100000	6.99000000000000	2560.30000000000
69.4293911400000	62.8096742100000	6.85000000000000	2587.80000000000
69.8119222200000	62.8096742100000	6.92000000000000	2608
69.8119222200000	63.4150364300000	6.56000000000000	2629.80000000000
69.9394325800000	63.4150364300000	6.17000000000000	2649.70000000000
70.2582084800000	63.4150364300000	5.89000000000000	2671.20000000000
70.3219636600000	63.7217295200000	5.85000000000000	2691.10000000000
70.3857188400000	63.7217295200000	6.04000000000000	2704.90000000000
70.4494740200000	63.7217295200000	6.91000000000000	2731.60000000000
70.8957602800000	64.0747831900000	6.43000000000000	2747.30000000000
71.1507810000000	64.0747831900000	6.10000000000000	2751.10000000000
71.4695569000000	64.0747831900000	6.13000000000000	2757
71.8520879800000	64.7559271300000	6.37000000000000	2771.30000000000
72.1071087000000	64.7559271300000	6.85000000000000	2776.60000000000
72.3621294200000	64.7559271300000	6.73000000000000	2778.20000000000
72.5533949600000	65.3176034300000	6.58000000000000	2782.70000000000
72.9359260400000	65.3176034300000	6.73000000000000	2791.80000000000
73.3184571200000	65.3176034300000	7.22000000000000	2803.20000000000
73.5097226600000	66.4356067100000	7.29000000000000	2818.80000000000
73.5734778500000	66.4356067100000	6.69000000000000	2823.50000000000
73.5734778500000	66.4356067100000	6.77000000000000	2831
73.7647433900000	66.7788533300000	6.83000000000000	2852
73.9560089300000	66.7788533300000	6.58000000000000	2875
74.2747848300000	66.7788533300000	6.58000000000000	2895.20000000000
74.6573159100000	67.6365241200000	6.87000000000000	2915.30000000000
74.9123366300000	67.6365241200000	7.09000000000000	2930.70000000000
75.2311125300000	67.6365241200000	7.51000000000000	2942.80000000000
75.5498884300000	67.9860115900000	7.75000000000000	2951.70000000000
75.8686643300000	67.9860115900000	8.01000000000000	2956.60000000000
76.3787057700000	67.9860115900000	8.19000000000000	2961.50000000000
76.6337264900000	68.8936091500000	8.30000000000000	2969.90000000000
76.6974816700000	68.8936091500000	8.35000000000000	2984.90000000000
76.8249920300000	68.8936091500000	8.76000000000000	2992.80000000000
77.2075231100000	69.5399826600000	9.12000000000000	2996
77.5262990100000	69.5399826600000	9.36000000000000	2996.40000000000
77.9725852700000	69.5399826600000	9.85000000000000	3004
78.4826267100000	70.0606476700000	9.84000000000000	3010.20000000000
78.9289129700000	70.0606476700000	9.81000000000000	3015.80000000000
79.1201785100000	70.0606476700000	9.53000000000000	3032.10000000000
79.3114440500000	70.6160831100000	9.24000000000000	3056.70000000000
79.4389544200000	70.6160831100000	8.99000000000000	3078.60000000000
79.6939751400000	70.6160831100000	9.02000000000000	3096.90000000000
80.0765062200000	70.7703212000000	8.84000000000000	3118.70000000000
80.2677717600000	70.7703212000000	8.55000000000000	3137.60000000000
80.3952821200000	70.7703212000000	8.45000000000000	3156.70000000000
81.2240994600000	71.5094158800000	8.23000000000000	3170.70000000000
81.6066305400000	71.5094158800000	8.24000000000000	3183
82.0529168000000	71.5094158800000	8.28000000000000	3193.80000000000
82.1804271600000	71.7938202200000	8.26000000000000	3205.20000000000
82.3716927000000	71.7938202200000	8.18000000000000	3204.10000000000
82.8179789600000	71.7938202200000	8.29000000000000	3216.80000000000
83.1367548600000	71.7929286700000	8.15000000000000	3227.40000000000
83.9018170200000	71.7929286700000	8.13000000000000	3245
84.6031240000000	71.7929286700000	8.20000000000000	3257.70000000000
85.1131654400000	71.1634946100000	8.11000000000000	3262.40000000000
85.3044309900000	71.1634946100000	7.81000000000000	3265.80000000000
85.3044309900000	71.1634946100000	7.31000000000000	3274.90000000000
85.8144724300000	70.8193564300000	6.91000000000000	3290.70000000000
85.9419827900000	70.8193564300000	6.25000000000000	3307.30000000000
86.0694931500000	70.8193564300000	6.12000000000000	3324.70000000000
86.1970035100000	71.2972270600000	5.91000000000000	3335.40000000000
86.4520242300000	71.2972270600000	5.78000000000000	3346.10000000000
86.7070449500000	71.2972270600000	5.90000000000000	3355.10000000000
86.8345553100000	71.5976793000000	5.82000000000000	3359
87.0895760300000	71.5976793000000	5.66000000000000	3357.80000000000
87.4721071100000	71.5976793000000	5.45000000000000	3357.60000000000
87.5996174700000	71.8785174400000	5.21000000000000	3362.70000000000
87.8546381900000	71.8785174400000	4.81000000000000	3368.10000000000
87.9183933700000	71.8785174400000	4.43000000000000	3374.80000000000
88.0459037300000	72.6675389000000	4.03000000000000	3383.40000000000
88.3646796300000	72.6675389000000	4.06000000000000	3402.30000000000
88.8109658900000	72.6675389000000	3.98000000000000	3406.20000000000
88.9384762500000	73.4396209100000	3.73000000000000	3402
89.0659866100000	73.4396209100000	3.82000000000000	3400.80000000000
89.3847625100000	73.4396209100000	3.76000000000000	3395.70000000000
89.5760280500000	74.1974381300000	3.25000000000000	3396
89.8310487700000	74.1974381300000	3.30000000000000	3400.80000000000
90.0860694900000	74.1974381300000	3.22000000000000	3412.40000000000
90.4048453900000	74.9775440900000	3.10000000000000	3426
90.5323557500000	74.9775440900000	3.09000000000000	3428.60000000000
90.4686005700000	74.9775440900000	2.92000000000000	3427.10000000000
90.9148868300000	75.1157342900000	3.02000000000000	3421.40000000000
91.2336627400000	75.1157342900000	3.03000000000000	3417.20000000000
91.5524386400000	75.1157342900000	3.07000000000000	3414.60000000000
91.8074593600000	75.5962795600000	2.96000000000000	3413.90000000000
91.9349697200000	75.5962795600000	3	3439.20000000000
92.0624800800000	75.5962795600000	3.04000000000000	3445.10000000000
92.0624800800000	75.9939107200000	3.06000000000000	3444.60000000000
92.3175008000000	75.9939107200000	3.03000000000000	3448.30000000000
92.5087663400000	75.9939107200000	3.09000000000000	3454.70000000000
92.8912974200000	76.9977956400000	2.99000000000000	3459.10000000000
92.9550526000000	76.9977956400000	3.02000000000000	3472.70000000000
92.9550526000000	76.9977956400000	2.96000000000000	3477.40000000000
93.2100733200000	77.7475889200000	3.05000000000000	3477.70000000000
93.5288492200000	77.7475889200000	3.25000000000000	3478.50000000000
93.8476251200000	77.7475889200000	3.34000000000000	3483.90000000000
93.9751354800000	78.8112076700000	3.56000000000000	3487.10000000000
94.0388906600000	78.8112076700000	4.01000000000000	3496.50000000000
94.3576665600000	78.8112076700000	4.25000000000000	3485.10000000000
94.6126872800000	79.3184994300000	4.26000000000000	3493.70000000000
94.9952183600000	79.3184994300000	4.47000000000000	3490.80000000000
95.2502390800000	79.3184994300000	4.73000000000000	3490.90000000000
95.3139942600000	80.1993505100000	4.76000000000000	3489.30000000000
95.4415046200000	80.1993505100000	5.29000000000000	3492.50000000000
95.4415046200000	80.1993505100000	5.45000000000000	3491.50000000000
95.8240357000000	80.3963829800000	5.53000000000000	3496.80000000000
96.2065667800000	80.3963829800000	5.92000000000000	3494.10000000000
96.5253426800000	80.3963829800000	5.98000000000000	3495.30000000000
96.8441185800000	80.5693436200000	6.05000000000000	3503.20000000000
97.0353841200000	80.5693436200000	6.01000000000000	3528.10000000000
97.2266496700000	80.5693436200000	6	3553.30000000000
97.2266496700000	81.2460298200000	5.85000000000000	3571.90000000000
97.4816703900000	81.2460298200000	5.74000000000000	3593.80000000000
97.6729359300000	81.2460298200000	5.80000000000000	3606.90000000000
97.9917118300000	81.8121638600000	5.76000000000000	3617.90000000000
97.9279566500000	81.8121638600000	5.80000000000000	3624.90000000000
97.8642014700000	81.8121638600000	5.60000000000000	3634.20000000000
98.4379980900000	82.3729486000000	5.56000000000000	3652.30000000000
98.7567739900000	82.3729486000000	5.22000000000000	3666.30000000000
99.2668154300000	82.3729486000000	5.31000000000000	3692.20000000000
99.6493465100000	83.7967534200000	5.22000000000000	3702.90000000000
99.8406120500000	83.7967534200000	5.24000000000000	3713.90000000000
99.9043672300000	83.7967534200000	5.27000000000000	3727.40000000000
100.095632800000	84.5260410500000	5.40000000000000	3742.20000000000
100.286898300000	84.5260410500000	5.22000000000000	3749.20000000000
100.605674200000	84.5260410500000	5.30000000000000	3757.80000000000
100.924450100000	85.4487949600000	5.24000000000000	3774.20000000000
101.115715700000	85.4487949600000	5.31000000000000	3791.50000000000
101.115715700000	85.4487949600000	5.29000000000000	3814.30000000000
101.434491600000	86.1058670700000	5.25000000000000	3829.40000000000
101.753267500000	86.1058670700000	5.19000000000000	3840.80000000000
102.008288200000	86.1058670700000	5.39000000000000	3855.10000000000
102.135798500000	87.3825661900000	5.51000000000000	3873
102.072043400000	87.3825661900000	5.50000000000000	3883.80000000000
102.199553700000	87.3825661900000	5.56000000000000	3899.90000000000
102.327064100000	88.4791722900000	5.52000000000000	3920.90000000000
102.518329600000	88.4791722900000	5.54000000000000	3950.40000000000
102.773350300000	88.4791722900000	5.54000000000000	3968.60000000000
103.028371100000	89.1576415800000	5.50000000000000	3986.10000000000
102.964615900000	89.1576415800000	5.52000000000000	4008.90000000000
102.837105500000	89.1576415800000	5.50000000000000	4028.50000000000
103.028371100000	90.0001560200000	5.56000000000000	4051
103.219636600000	90.0001560200000	5.51000000000000	4083
103.410902100000	90.0001560200000	5.49000000000000	4107.40000000000
103.602167700000	90.8096831200000	5.45000000000000	4133.20000000000
103.793433200000	90.8096831200000	5.49000000000000	4155
103.920943600000	90.8096831200000	5.56000000000000	4178.40000000000
104.048453900000	92.0079258800000	5.54000000000000	4196.20000000000
104.175964300000	92.0079258800000	5.55000000000000	4220.10000000000
104.303474700000	92.0079258800000	5.51000000000000	4262.40000000000
104.558495400000	93.6002335900000	5.07000000000000	4299.70000000000
104.558495400000	93.6002335900000	4.83000000000000	4337.30000000000
104.494740200000	93.6002335900000	4.68000000000000	4369.60000000000
104.749760900000	94.4338325300000	4.63000000000000	4392.10000000000
104.877271300000	94.4338325300000	4.76000000000000	4417.60000000000
105.196047200000	94.4338325300000	4.81000000000000	4428.10000000000
105.961109300000	95.1720356500000	4.74000000000000	4456.10000000000
105.961109300000	95.1720356500000	4.74000000000000	4475.50000000000
105.961109300000	95.1720356500000	4.76000000000000	4499.40000000000
106.279885200000	96.3827601000000	4.99000000000000	4523.50000000000
106.534906000000	96.3827601000000	5.07000000000000	4543.70000000000
107.044947400000	96.3827601000000	5.22000000000000	4559.80000000000
107.236212900000	98.1132580100000	5.20000000000000	4579.40000000000
107.299968100000	98.1132580100000	5.42000000000000	4602.90000000000
107.299968100000	98.1132580100000	5.30000000000000	4628.90000000000
107.618744000000	98.3700243200000	5.45000000000000	4656
108.256295800000	98.3700243200000	5.73000000000000	4671
109.148868300000	98.3700243200000	5.85000000000000	4700.90000000000
109.212623500000	100.288639200000	6.02000000000000	4754.80000000000
109.340133900000	100.288639200000	6.27000000000000	4745.10000000000
109.913930500000	100.288639200000	6.53000000000000	4759.60000000000
110.168951200000	100.373336400000	6.54000000000000	4775.80000000000
110.168951200000	100.373336400000	6.50000000000000	4809
110.742747800000	100.373336400000	6.52000000000000	4839.60000000000
110.934013400000	100.968000100000	6.51000000000000	4858
110.997768600000	100.968000100000	6.51000000000000	4870.10000000000
110.934013400000	100.968000100000	6.40000000000000	4911.60000000000
111.635320400000	100.636343600000	5.98000000000000	4965
112.081606600000	100.636343600000	5.49000000000000	5002.70000000000
112.336627400000	100.636343600000	5.31000000000000	5061.70000000000
112.782913600000	101.295198800000	4.80000000000000	5125.40000000000
113.292955100000	101.295198800000	4.21000000000000	5126.70000000000
113.484220600000	101.295198800000	3.97000000000000	5165.20000000000
113.165444700000	101.016143700000	3.77000000000000	5198.40000000000
113.165444700000	101.016143700000	3.65000000000000	5230.40000000000
113.675486100000	101.016143700000	3.07000000000000	5340.60000000000
113.292955100000	101.369197400000	2.49000000000000	5330.70000000000
113.101689500000	101.369197400000	2.09000000000000	5373.40000000000
112.655403300000	101.369197400000	1.82000000000000	5424.90000000000
112.910424000000	102.234892100000	1.73000000000000	5453.50000000000
113.356710200000	102.234892100000	1.74000000000000	5480.60000000000
113.994262000000	102.234892100000	1.73000000000000	5490.70000000000
114.631813800000	102.778737400000	1.75000000000000	5493.60000000000
114.631813800000	102.778737400000	1.75000000000000	5516.60000000000
114.695569000000	102.778737400000	1.75000000000000	5540.30000000000
114.823079400000	103.300294000000	1.73000000000000	5586.60000000000
115.205610500000	103.300294000000	1.74000000000000	5623.90000000000
115.396876000000	103.300294000000	1.75000000000000	5648.10000000000
115.588141500000	103.335956000000	1.75000000000000	5699.40000000000
115.588141500000	103.335956000000	1.34000000000000	5743.60000000000
115.333120800000	103.335956000000	1.24000000000000	5768.70000000000
115.843162300000	103.766574500000	1.24000000000000	5798
116.735734800000	103.766574500000	1.26000000000000	5833
117.437041800000	103.766574500000	1.25000000000000	5850.80000000000
117.182021000000	104.645642400000	1.26000000000000	5894.20000000000
116.990755500000	104.645642400000	1.26000000000000	5947.80000000000
117.118265900000	104.645642400000	1.22000000000000	5985.40000000000
117.245776200000	106.368116400000	1.01000000000000	6040.10000000000
117.692062500000	106.368116400000	1.03000000000000	6087.10000000000
118.074593600000	106.368116400000	1.01000000000000	6063.20000000000
117.947083200000	107.330098500000	1.01000000000000	6052.40000000000
117.628307300000	107.330098500000	1	6055.70000000000
117.500796900000	107.330098500000	0.980000000000000	6058.60000000000
118.074593600000	108.037097400000	1	6063.40000000000
118.712145400000	108.037097400000	1.01000000000000	6103.60000000000
119.477207500000	108.037097400000	1	6141.80000000000
119.859738600000	108.732506100000	1	6182.90000000000
120.561045600000	108.732506100000	1	6254.60000000000
120.943576700000	108.732506100000	1.03000000000000	6263.30000000000
120.752311100000	109.542033200000	1.26000000000000	6271.50000000000
120.816066300000	109.542033200000	1.43000000000000	6295.20000000000
121.071087000000	109.542033200000	1.61000000000000	6332.90000000000
121.708638800000	110.438040600000	1.76000000000000	6355.30000000000
121.772394000000	110.438040600000	1.93000000000000	6387.30000000000
121.326107700000	110.438040600000	2.16000000000000	6404.40000000000
121.581128500000	111.577441100000	2.28000000000000	6407.20000000000
122.282435400000	111.577441100000	2.50000000000000	6419.20000000000
123.238763100000	111.577441100000	2.63000000000000	6435.10000000000
124.067580500000	112.074034300000	2.79000000000000	6442.30000000000
123.940070100000	112.074034300000	3	6460.60000000000
124.003825300000	112.074034300000	3.04000000000000	6497.30000000000
124.577621900000	112.963800900000	3.26000000000000	6524.80000000000
125.215173700000	112.963800900000	3.50000000000000	6555.80000000000
126.745298100000	112.963800900000	3.62000000000000	6589.10000000000
127.000318800000	113.544199700000	3.78000000000000	6621.50000000000
125.980235900000	113.544199700000	4	6644.40000000000
125.470194500000	113.544199700000	4.16000000000000	6667.90000000000
126.426522200000	114.977811600000	4.29000000000000	6711.30000000000
126.681542900000	114.977811600000	4.49000000000000	6736.80000000000
127.382849900000	114.977811600000	4.59000000000000	6751.80000000000
128.466687900000	115.444092000000	4.79000000000000	6786.90000000000
129.104239700000	115.444092000000	4.94000000000000	6798.90000000000
129.359260400000	115.444092000000	4.99000000000000	6835.70000000000
129.741791500000	115.459248400000	5.24000000000000	6875
129.996812200000	115.459248400000	5.25000000000000	6904.30000000000
129.359260400000	115.459248400000	5.25000000000000	6927.80000000000
128.657953500000	116.243812100000	5.25000000000000	6983
128.466687900000	116.243812100000	5.25000000000000	7018.60000000000
128.657953500000	116.243812100000	5.24000000000000	7059.70000000000
129.050685400000	116.401616400000	5.25000000000000	7103.60000000000
129.741154000000	116.401616400000	5.26000000000000	7118.60000000000
130.922537500000	116.401616400000	5.26000000000000	7151.80000000000
131.773031600000	117.449187200000	5.25000000000000	7223.80000000000
132.578259500000	117.449187200000	5.25000000000000	7248.50000000000
132.835192900000	117.449187200000	5.25000000000000	7274.30000000000
132.801402600000	118.306858000000	5.26000000000000	7308.80000000000
132.557857800000	118.306858000000	5.02000000000000	7372.90000000000
132.923175000000	118.306858000000	4.94000000000000	7403.10000000000
133.207523100000	118.807908900000	4.76000000000000	7426.90000000000
133.998724900000	118.807908900000	4.49000000000000	7451.30000000000
133.908830100000	118.807908900000	4.24000000000000	7484.50000000000
134.574434200000	118.280111500000	3.94000000000000	7529.10000000000
134.965253400000	118.280111500000	2.98000000000000	7610
136.135161000000	118.280111500000	2.61000000000000	7678.70000000000
136.960790600000	118.669718700000	2.28000000000000	7732.30000000000
138.114121800000	118.669718700000	1.98000000000000	7740.20000000000
139.505897400000	118.669718700000	2	7753.70000000000
140.238444400000	117.567763300000	2.01000000000000	7807.10000000000
139.678673900000	117.567763300000	2	7794.40000000000
139.485495700000	117.567763300000	1.81000000000000	7879.80000000000
138.076506200000	114.862801700000	0.970000000000000	7993.90000000000
135.431941300000	114.862801700000	0.390000000000000	8043
134.031240000000	114.862801700000	0.160000000000000	8231.70000000000
134.614599900000	112.898717700000	0.150000000000000	8313.80000000000
135.284029300000	112.898717700000	0.220000000000000	8342.90000000000
135.613006100000	112.898717700000	0.180000000000000	8405.30000000000
135.951546100000	112.703468400000	0.150000000000000	8407.80000000000
136.344278000000	112.703468400000	0.180000000000000	8452.50000000000
137.515460600000	112.703468400000	0.210000000000000	8463.10000000000
137.297417900000	113.177772800000	0.160000000000000	8458.60000000000
137.605355400000	113.177772800000	0.160000000000000	8426.70000000000
137.691424900000	113.177772800000	0.150000000000000	8434.90000000000
137.824035700000	114.238716900000	0.120000000000000	8464.80000000000
137.921581100000	114.238716900000	0.120000000000000	8497.90000000000
137.678673900000	114.238716900000	0.120000000000000	8514.20000000000
138.149187100000	115.346021600000	0.110000000000000	8479.90000000000
138.183614900000	115.346021600000	0.130000000000000	8531
138.751036000000	115.346021600000	0.160000000000000	8524.40000000000
138.992030600000	116.423013600000	0.200000000000000	8549.50000000000
139.099776900000	116.423013600000	0.200000000000000	8596.30000000000
138.963978300000	116.423013600000	0.180000000000000	8616.40000000000
138.993305700000	117.146060400000	0.180000000000000	8613.10000000000
139.185208800000	117.146060400000	0.190000000000000	8639.20000000000
139.266177900000	117.146060400000	0.190000000000000	8673.70000000000
139.439592000000	117.828095900000	0.190000000000000	8726.20000000000
139.498246700000	117.828095900000	0.190000000000000	8756
139.737966200000	117.828095900000	0.180000000000000	8796.40000000000
140.403570300000	117.933298700000	0.170000000000000	8860.40000000000
141.095951500000	117.933298700000	0.160000000000000	8903.50000000000
142.471788300000	117.933298700000	0.140000000000000	8949.90000000000
143.389225400000	118.324689000000	0.100000000000000	8996.90000000000
144.063755200000	118.324689000000	0.0900000000000000	9046.10000000000
143.909467600000	118.324689000000	0.0900000000000000	9120.80000000000
144.036978000000	118.857835700000	0.0700000000000000	9293.10000000000
144.434172800000	118.857835700000	0.100000000000000	9483
144.653490600000	118.857835700000	0.0800000000000000	9502.50000000000
144.355116400000	119.734229000000	0.0700000000000000	9549.70000000000
144.233344000000	119.734229000000	0.0800000000000000	9596.10000000000
143.877590100000	119.734229000000	0.0700000000000000	9640.10000000000
