7.47	8.15	8.51	8.6	8.79	8.87
7.46	8.15	8.51	8.6	8.79	8.87
7.55	8.18	8.52	8.61	8.78	8.87
7.51	8.02	8.34	8.43	8.61	8.7
7.55	8.04	8.39	8.48	8.67	8.75
7.52	8.06	8.46	8.56	8.73	8.84
7.58	8.11	8.46	8.55	8.73	8.84
7.56	8.07	8.43	8.52	8.7	8.81
7.58	8.08	8.43	8.5	8.68	8.79
7.6	8.09	8.39	8.49	8.67	8.78
7.68	8.14	8.44	8.53	8.71	8.82
7.7	8.13	8.44	8.52	8.69	8.79
7.69	8.15	8.46	8.54	8.72	8.83
7.77	8.19	8.48	8.54	8.72	8.83
7.69	8.17	8.48	8.53	8.72	8.83
7.66	8.12	8.43	8.48	8.68	8.79
7.63	8.08	8.35	8.41	8.6	8.72
7.62	8.07	8.35	8.4	8.57	8.69
7.62	8.06	8.32	8.37	8.52	8.65
7.58	8.05	8.33	8.38	8.55	8.68
7.61	8.08	8.37	8.44	8.6	8.73
7.65	8.07	8.35	8.42	8.56	8.69
7.7	8.22	8.52	8.58	8.71	8.85
7.75	8.31	8.6	8.66	8.79	8.91
7.85	8.34	8.56	8.66	8.79	8.91
7.82	8.36	8.63	8.71	8.83	8.91
7.9	8.4	8.64	8.72	8.84	8.9
8.06	8.45	8.68	8.76	8.84	8.91
8.23	8.55	8.72	8.78	8.86	8.92
8.22	8.6	8.79	8.87	8.93	9
8.2	8.57	8.82	8.9	8.98	9.06
8.21	8.58	8.83	8.91	8.99	9.05
8.27	8.63	8.85	8.92	8.99	9.04
8.28	8.71	8.93	8.99	9.04	9.09
8.29	8.7	8.93	8.97	9.04	9.08
8.31	8.78	9.03	9.07	9.14	9.17
8.27	8.76	9.04	9.06	9.13	9.16
8.27	8.74	9	9.02	9.1	9.13
8.1	8.62	8.87	8.91	9.02	9.06
8.12	8.66	8.88	8.88	8.99	9.01
8.34	8.96	9.13	9.11	9.17	9.18
8.3	8.94	9.09	9.07	9.12	9.13
8.23	8.8	8.91	8.88	8.94	8.95
8.27	8.84	8.97	8.93	8.99	9
8.26	8.9	9.03	9.01	9.04	9.02
8.14	8.95	9.05	9.05	9.1	9.07
8.19	8.96	9.07	9.07	9.11	9.08
8.38	9.08	9.16	9.15	9.18	9.15
8.41	9.13	9.21	9.19	9.22	9.19
8.48	9.18	9.22	9.21	9.22	9.19
8.44	9.13	9.2	9.18	9.2	9.17
8.48	9.11	9.18	9.16	9.18	9.15
8.47	9.04	9.1	9.09	9.11	9.08
8.38	8.98	9.09	9.08	9.1	9.07
8.33	8.95	9.11	9.09	9.11	9.07
8.32	8.94	9.11	9.08	9.11	9.05
8.45	9.06	9.2	9.17	9.2	9.13
8.55	9.12	9.23	9.22	9.27	9.21
8.41	9.08	9.2	9.19	9.22	9.18
8.37	9.02	9.18	9.14	9.18	9.14
8.43	9.11	9.26	9.25	9.28	9.23
8.54	9.14	9.26	9.24	9.28	9.22
8.56	9.22	9.34	9.32	9.34	9.27
8.58	9.2	9.35	9.3	9.32	9.25
8.58	9.18	9.34	9.3	9.32	9.23
8.6	9.15	9.32	9.29	9.31	9.24
8.53	9.17	9.31	9.28	9.3	9.24
8.55	9.06	9.23	9.2	9.2	9.14
8.49	8.99	9.15	9.1	9.1	9.06
8.54	9.03	9.17	9.11	9.1	9.06
8.55	8.95	9.12	9.07	9.04	8.99
8.52	8.91	9.11	9.06	9.05	9
8.52	8.93	9.15	9.11	9.07	9.03
8.56	8.95	9.13	9.06	9.05	9
8.5	8.91	9.04	8.98	8.97	8.93
8.59	9	9.11	9.05	9.03	8.99
8.64	9.03	9.17	9.07	9.04	8.99
8.62	8.98	9.09	9.03	9	8.95
8.58	9	9.13	9.07	9.05	9
8.69	9.04	9.13	9.08	9.03	9.01
8.67	9.02	9.13	9.05	9.03	8.99
8.68	9.03	9.12	9.05	9.02	8.98
8.78	9.17	9.19	9.1	9.06	9.01
8.83	9.18	9.22	9.11	9.06	9.01
8.84	9.1	9.17	9.06	9.01	8.96
8.84	9.12	9.19	9.06	9.01	8.95
8.78	9.12	9.27	9.21	9.2	9.13
8.85	9.22	9.36	9.28	9.25	9.19
8.86	9.27	9.37	9.29	9.26	9.2
8.87	9.31	9.39	9.34	9.3	9.23
8.8	9.29	9.38	9.33	9.29	9.22
8.81	9.25	9.36	9.32	9.27	9.21
8.78	9.25	9.31	9.32	9.26	9.2
8.77	9.28	9.28	9.34	9.28	9.22
8.84	9.35	9.38	9.43	9.35	9.29
8.92	9.48	9.49	9.47	9.44	9.36
8.96	9.51	9.51	9.49	9.45	9.38
8.99	9.46	9.48	9.47	9.42	9.36
9.03	9.4	9.43	9.42	9.39	9.32
8.98	9.4	9.42	9.43	9.41	9.36
8.98	9.38	9.42	9.38	9.37	9.31
8.94	9.36	9.4	9.38	9.35	9.31
8.89	9.32	9.36	9.34	9.31	9.26
8.93	9.34	9.38	9.35	9.3	9.26
8.92	9.35	9.37	9.34	9.28	9.23
8.98	9.35	9.42	9.35	9.29	9.24
9.06	9.58	9.6	9.48	9.4	9.34
9.09	9.56	9.58	9.48	9.4	9.35
9.02	9.54	9.58	9.45	9.38	9.32
8.99	9.52	9.57	9.45	9.38	9.31
9.02	9.48	9.55	9.43	9.37	9.3
9.18	9.72	9.76	9.64	9.57	9.49
9.33	9.84	9.84	9.71	9.61	9.53
9.43	9.85	9.88	9.75	9.63	9.53
9.35	9.71	9.78	9.65	9.55	9.45
9.37	9.7	9.76	9.65	9.53	9.43
9.45	9.75	9.79	9.67	9.54	9.44
9.41	9.77	9.8	9.66	9.52	9.41
9.29	9.69	9.74	9.6	9.47	9.36
9.29	9.7	9.71	9.59	9.44	9.34
9.23	9.64	9.66	9.53	9.4	9.3
9.15	9.5	9.5	9.39	9.29	9.21
9.14	9.42	9.44	9.31	9.24	9.17
9.15	9.42	9.4	9.31	9.24	9.17
9.17	9.49	9.47	9.35	9.3	9.2
9.12	9.52	9.54	9.42	9.38	9.27
9.05	9.49	9.53	9.43	9.38	9.27
9	9.5	9.53	9.42	9.38	9.27
8.98	9.51	9.56	9.44	9.39	9.29
9.09	9.59	9.62	9.5	9.41	9.34
8.92	9.33	9.4	9.29	9.25	9.18
8.93	9.37	9.44	9.33	9.27	9.2
8.73	9.14	9.24	9.14	9.1	9.06
8.73	9.17	9.27	9.17	9.13	9.08
8.95	9.37	9.41	9.32	9.26	9.2
8.95	9.33	9.37	9.27	9.21	9.15
8.99	9.36	9.37	9.26	9.21	9.15
8.94	9.28	9.32	9.21	9.16	9.12
8.84	9.22	9.29	9.18	9.15	9.11
8.71	9.13	9.18	9.1	9.07	9.05
8.71	9.12	9.15	9.06	9.04	9.02
8.94	9.3	9.3	9.19	9.16	9.14
8.89	9.22	9.2	9.11	9.1	9.08
8.84	9.15	9.19	9.1	9.07	9.06
8.84	9.14	9.19	9.09	9.07	9.06
8.73	8.97	9.04	8.96	8.96	8.99
8.8	9.04	9.09	9.02	9.02	9.04
8.81	9.18	9.16	9.17	9.15	9.15
8.83	9.2	9.23	9.21	9.2	9.16
8.72	9.06	9.11	9.1	9.12	9.1
8.5	8.75	8.81	8.8	8.81	8.81
8.54	8.85	8.87	8.85	8.83	8.82
8.52	8.9	8.9	8.87	8.84	8.82
8.57	8.89	8.9	8.87	8.83	8.8
8.68	8.94	8.93	8.88	8.82	8.78
8.65	8.89	8.89	8.82	8.75	8.71
8.62	8.78	8.78	8.71	8.62	8.58
8.57	8.79	8.77	8.72	8.64	8.6
8.67	8.85	8.79	8.74	8.67	8.63
8.85	8.94	8.88	8.75	8.72	8.67
8.82	8.92	8.86	8.72	8.71	8.66
8.88	8.88	8.81	8.68	8.68	8.64
8.92	8.86	8.78	8.65	8.64	8.6
8.92	8.87	8.78	8.65	8.65	8.61
8.65	8.57	8.47	8.42	8.45	8.43
8.54	8.46	8.39	8.33	8.38	8.36
8.45	8.48	8.4	8.35	8.38	8.36
8.43	8.39	8.35	8.28	8.31	8.27
8.4	8.35	8.3	8.26	8.29	8.27
8.5	8.32	8.23	8.16	8.17	8.15
8.46	8.33	8.26	8.18	8.19	8.16
8.45	8.45	8.38	8.3	8.31	8.25
8.41	8.41	8.32	8.24	8.25	8.2
8.37	8.49	8.46	8.36	8.37	8.33
8.42	8.57	8.48	8.4	8.38	8.35
8.42	8.57	8.49	8.41	8.42	8.37
8.44	8.52	8.45	8.35	8.36	8.31
8.42	8.57	8.49	8.4	8.4	8.37
8.44	8.58	8.5	8.41	8.42	8.38
8.33	8.39	8.34	8.27	8.29	8.25
8.38	8.37	8.29	8.22	8.22	8.18
8.33	8.35	8.25	8.14	8.16	8.11
8.32	8.35	8.27	8.18	8.2	8.17
8.22	8.19	8.14	8.09	8.13	8.12
8.26	8.12	8.05	8.03	8.1	8.1
8.23	8.04	8	7.99	8.09	8.09
8.05	8	7.97	7.97	8.11	8.11
8.03	7.96	7.92	7.91	8.07	8.08
7.98	7.89	7.85	7.86	8	8.02
8	7.89	7.83	7.84	7.97	7.99
8.03	7.87	7.8	7.8	7.96	8
7.99	7.81	7.77	7.79	7.88	8
8.03	7.81	7.78	7.8	7.89	8
8.1	7.86	7.81	7.84	7.92	8.04
8.18	7.92	7.86	7.85	7.95	8.05
8.18	8.03	7.97	7.97	8.04	8.13
8.2	7.96	7.92	7.9	8.01	8.09
8.24	7.88	7.81	7.8	7.91	8.01
8.39	8.02	7.91	7.89	7.97	8.07
8.37	8.01	7.9	7.87	7.96	8.05
8.31	7.92	7.82	7.79	7.91	8.01
8.3	7.91	7.83	7.81	7.89	8.02
8.17	7.77	7.7	7.69	7.8	7.92
8.12	7.69	7.62	7.6	7.72	7.87
8.04	7.65	7.58	7.56	7.68	7.82
7.89	7.61	7.51	7.49	7.6	7.74
7.89	7.63	7.59	7.57	7.65	7.76
7.9	7.69	7.66	7.64	7.71	7.8
8.13	8.05	7.98	7.94	7.95	8
8.21	8.16	8.05	7.98	7.98	8.03
8.22	8.08	7.94	7.95	7.96	8
8.18	8.1	7.98	7.96	7.98	8.05
8.13	8.08	7.97	7.96	7.98	8.02
8.22	8.18	8.1	8.1	8.08	8.09
8.32	8.33	8.28	8.27	8.28	8.24
8.31	8.33	8.26	8.24	8.23	8.21
8.22	8.22	8.15	8.11	8.13	8.12
8.15	8.31	8.22	8.2	8.2	8.18
8.13	8.29	8.24	8.2	8.17	8.15
8.2	8.35	8.27	8.27	8.24	8.2
8.33	8.45	8.39	8.35	8.33	8.29
8.28	8.38	8.36	8.23	8.29	8.25
8.24	8.32	8.3	8.23	8.24	8.2
8.23	8.32	8.32	8.23	8.24	8.21
8.26	8.36	8.37	8.29	8.3	8.27
8.17	8.37	8.41	8.3	8.31	8.27
8.14	8.34	8.37	8.28	8.29	8.25
8.16	8.28	8.37	8.27	8.3	8.26
8.12	8.23	8.32	8.18	8.23	8.19
8.15	8.31	8.34	8.21	8.23	8.19
8.09	8.29	8.31	8.19	8.21	8.17
8.07	8.26	8.28	8.19	8.22	8.17
8.04	8.2	8.23	8.14	8.19	8.14
7.95	8.1	8.17	8.1	8.16	8.13
7.88	8.1	8.13	8.07	8.16	8.13
7.85	8.11	8.16	8.11	8.18	8.18
7.83	8.03	8.08	8.05	8.12	8.13
7.78	7.99	8.03	8.01	8.09	8.09
7.87	8.08	8.08	8.04	8.11	8.1
7.92	8.07	8.13	8.05	8.11	8.09
8.08	8.22	8.23	8.14	8.18	8.15
8.1	8.26	8.26	8.19	8.24	8.2
8.02	8.25	8.27	8.2	8.26	8.22
8.09	8.33	8.41	8.32	8.38	8.32
8.03	8.34	8.39	8.29	8.34	8.3
8.1	8.36	8.4	8.31	8.36	8.3
8.14	8.41	8.42	8.34	8.37	8.3
8.18	8.48	8.46	8.36	8.4	8.31
8.17	8.49	8.46	8.33	8.36	8.28
8.05	8.41	8.38	8.27	8.31	8.23
8.05	8.41	8.37	8.25	8.29	8.22
8.03	8.36	8.31	8.18	8.22	8.15
7.83	8.06	8.08	8.01	8.08	8.03
7.89	8.04	8.06	8	8.08	8.03
7.96	8.08	8.1	8.03	8.1	8.07
7.96	7.99	8.03	7.98	8.05	8.04
7.87	7.9	7.79	7.79	7.85	7.87
7.7	7.85	7.94	7.91	7.97	7.98
7.68	7.82	7.93	7.92	7.98	8
7.75	7.81	7.93	7.92	8.01	8.01
7.83	7.9	7.94	7.91	7.96	7.96
7.8	7.88	7.96	7.93	7.98	7.98
7.83	7.85	7.91	7.87	7.92	7.92
7.75	7.76	7.82	7.8	7.86	7.87
7.81	7.77	7.82	7.79	7.86	7.86
7.86	7.8	7.85	7.81	7.89	7.88
8.02	7.88	7.92	7.87	7.95	7.94
8.01	7.87	7.91	7.86	7.92	7.92
8.04	7.88	7.91	7.86	7.92	7.92
8.05	7.86	7.91	7.86	7.92	7.91
7.99	7.81	7.86	7.81	7.86	7.87
8.1	8.01	8.02	7.93	7.95	7.96
8.13	8.05	8.07	7.99	8.01	8
8	7.88	7.92	7.85	7.87	7.9
7.94	7.79	7.83	7.81	7.84	7.87
7.96	7.82	7.79	7.84	7.86	7.9
7.97	7.83	7.82	7.85	7.88	7.92
7.95	7.8	7.82	7.85	7.88	7.89
7.92	7.7	7.75	7.8	7.86	7.87
7.9	7.66	7.69	7.74	7.8	7.82
7.92	7.7	7.7	7.74	7.79	7.82
7.93	7.69	7.75	7.82	7.87	7.88
7.93	7.69	7.74	7.8	7.86	7.86
7.89	7.69	7.74	7.79	7.84	7.85
7.84	7.6	7.65	7.72	7.77	7.81
7.76	7.59	7.63	7.7	7.76	7.8
7.91	7.74	7.76	7.8	7.83	7.85
7.97	7.76	7.79	7.81	7.84	7.86
7.92	7.77	7.8	7.78	7.87	7.88
7.84	7.72	7.75	7.74	7.83	7.84
7.78	7.67	7.7	7.7	7.79	7.81
7.79	7.68	7.73	7.7	7.79	7.82
7.81	7.68	7.71	7.7	7.79	7.82
7.9	7.76	7.79	7.76	7.84	7.85
7.95	7.82	7.84	7.8	7.88	7.88
7.86	7.73	7.77	7.73	7.83	7.82
7.88	7.74	7.76	7.74	7.83	7.83
7.92	7.76	7.76	7.74	7.84	7.84
7.95	7.77	7.76	7.73	7.84	7.82
7.88	7.71	7.7	7.68	7.8	7.79
7.87	7.65	7.7	7.7	7.82	7.8
7.85	7.62	7.69	7.67	7.79	7.77
7.93	7.72	7.73	7.69	7.81	7.78
7.82	7.63	7.7	7.67	7.78	7.77
7.81	7.64	7.71	7.67	7.8	7.77
7.84	7.7	7.77	7.75	7.86	7.82
8.02	7.83	7.91	7.9	8.02	7.95
7.99	7.82	7.92	7.89	7.99	7.94
7.94	7.77	7.88	7.85	7.96	7.91
7.8	7.76	7.87	7.86	7.97	7.93
7.83	7.81	7.9	7.87	7.98	7.94
7.89	7.85	7.96	7.92	8.04	7.99
7.84	7.82	7.93	7.91	8.02	7.98
7.79	7.79	7.94	7.92	8.03	7.99
7.79	7.81	7.95	7.92	8.05	8.02
7.8	7.78	7.94	7.92	8.05	8.02
7.75	7.77	7.95	7.92	8	8.03
7.8	7.77	7.95	7.94	8.01	8.04
7.74	7.76	7.98	7.99	8.07	8.1
7.89	7.92	8.13	8.11	8.18	8.2
7.97	7.91	8.11	8.11	8.17	8.19
8.04	8.05	8.28	8.27	8.31	8.32
8	8	8.23	8.2	8.24	8.26
7.99	7.98	8.2	8.19	8.25	8.27
7.93	7.97	8.2	8.18	8.23	8.26
7.93	8	8.29	8.28	8.34	8.38
7.95	8.03	8.32	8.31	8.39	8.42
7.93	8.07	8.38	8.38	8.45	8.49
8	8.08	8.39	8.39	8.45	8.5
8	8.09	8.39	8.43	8.47	8.51
8	8.08	8.36	8.35	8.39	8.43
8.02	8.09	8.35	8.35	8.38	8.42
8.07	8.13	8.43	8.42	8.46	8.5
8.08	8.15	8.43	8.44	8.48	8.53
8.09	8.15	8.43	8.49	8.52	8.57
8.08	8.17	8.43	8.51	8.53	8.52
8.08	8.13	8.39	8.45	8.48	8.49
8.02	8.03	8.24	8.29	8.34	8.31
7.99	8.06	8.32	8.37	8.41	8.4
7.84	7.95	8.21	8.29	8.36	8.35
7.87	8.03	8.27	8.34	8.36	8.36
7.97	8.11	8.35	8.4	8.44	8.43
7.94	8.09	8.34	8.41	8.43	8.42
8.06	8.24	8.52	8.58	8.63	8.62
8.01	8.22	8.52	8.6	8.63	8.62
7.99	8.17	8.48	8.48	8.57	8.54
7.93	8.11	8.45	8.47	8.56	8.53
7.97	8.1	8.4	8.4	8.49	8.46
7.99	8.06	8.34	8.34	8.43	8.41
8.04	8.12	8.45	8.44	8.54	8.51
8.08	8.21	8.53	8.53	8.62	8.59
8.02	8.22	8.5	8.5	8.57	8.54
8.09	8.31	8.59	8.58	8.69	8.65
8.17	8.31	8.56	8.57	8.64	8.59
8.18	8.29	8.55	8.56	8.63	8.58
8.18	8.35	8.58	8.57	8.62	8.57
8.26	8.46	8.71	8.68	8.71	8.65
8.26	8.44	8.7	8.67	8.7	8.63
8.26	8.48	8.77	8.75	8.78	8.73
8.23	8.41	8.7	8.67	8.71	8.65
8.21	8.41	8.7	8.69	8.73	8.66
8.19	8.36	8.62	8.61	8.64	8.59
8.22	8.38	8.66	8.65	8.66	8.59
8.25	8.38	8.65	8.61	8.62	8.54
8.23	8.39	8.66	8.62	8.63	8.55
8.17	8.32	8.6	8.56	8.61	8.53
8.15	8.29	8.59	8.54	8.59	8.52
8.13	8.3	8.59	8.52	8.58	8.51
8.17	8.35	8.6	8.55	8.59	8.52
8.12	8.33	8.6	8.53	8.58	8.51
8.1	8.36	8.65	8.6	8.66	8.6
8.07	8.35	8.69	8.65	8.7	8.65
8.05	8.34	8.67	8.65	8.69	8.65
8.09	8.32	8.65	8.64	8.69	8.63
8.01	8.27	8.59	8.56	8.62	8.55
8.02	8.28	8.6	8.57	8.63	8.57
8.02	8.26	8.58	8.55	8.61	8.56
8.09	8.29	8.6	8.58	8.65	8.59
8.05	8.29	8.59	8.58	8.65	8.6
8.03	8.28	8.62	8.6	8.63	8.63
8.02	8.29	8.63	8.62	8.65	8.64
8.01	8.29	8.66	8.65	8.69	8.68
8.03	8.38	8.75	8.73	8.78	8.77
8.08	8.49	8.84	8.84	8.88	8.86
8.06	8.46	8.86	8.84	8.88	8.87
7.95	8.44	8.88	8.88	8.95	8.95
8	8.5	8.91	8.92	8.97	8.98
8.03	8.55	8.98	8.96	9.01	9
8.06	8.57	9.01	9	9.03	9.01
8.09	8.64	9.11	9.09	9.1	9.07
8.05	8.57	9.07	9.06	9.09	9.06
8.07	8.58	9.05	9.04	9.06	9.04
8.19	8.56	9.09	9.08	9.09	9.08
8.17	8.63	9.11	9.1	9.12	9.09
8.15	8.62	9.05	9.04	9.05	9.04
8.02	8.43	8.77	8.8	8.83	8.84
8.09	8.44	8.82	8.83	8.86	8.87
8.06	8.4	8.73	8.79	8.83	8.84
8.01	8.4	8.79	8.87	8.92	8.88
7.97	8.33	8.73	8.8	8.86	8.82
7.88	8.21	8.58	8.64	8.68	8.64
7.89	8.2	8.54	8.6	8.64	8.61
7.91	8.23	8.58	8.64	8.68	8.65
7.93	8.23	8.59	8.66	8.71	8.68
7.93	8.24	8.6	8.69	8.73	8.69
8.01	8.31	8.69	8.74	8.79	8.75
8.02	8.3	8.66	8.74	8.77	8.74
7.99	8.22	8.58	8.66	8.69	8.65
7.91	8.17	8.55	8.61	8.65	8.61
7.95	8.16	8.54	8.58	8.66	8.63
8.01	8.23	8.59	8.61	8.71	8.69
8.02	8.23	8.57	8.59	8.68	8.66
8.03	8.2	8.54	8.56	8.65	8.62
8.01	8.22	8.53	8.56	8.64	8.6
7.94	8.06	8.36	8.38	8.47	8.44
7.96	8.07	8.36	8.39	8.47	8.44
7.96	8.09	8.38	8.42	8.51	8.47
7.96	8.09	8.4	8.43	8.51	8.46
7.96	8.07	8.38	8.41	8.49	8.46
7.96	8.07	8.38	8.42	8.51	8.46
7.99	8.09	8.41	8.43	8.52	8.48
7.99	8.09	8.42	8.44	8.52	8.48
7.93	8.02	8.32	8.35	8.44	8.4
7.92	8	8.29	8.32	8.41	8.38
7.95	8.05	8.37	8.41	8.49	8.46
7.93	8.11	8.42	8.45	8.53	8.5
8	8.15	8.45	8.47	8.55	8.51
8.03	8.16	8.46	8.51	8.59	8.55
8.03	8.14	8.44	8.48	8.57	8.52
8.04	8.12	8.43	8.46	8.55	8.51
8.05	8.19	8.48	8.53	8.62	8.58
8.07	8.19	8.49	8.51	8.59	8.56
8.05	8.14	8.43	8.47	8.56	8.52
8	8.07	8.37	8.41	8.51	8.47
8	8.05	8.32	8.35	8.46	8.43
8	8.06	8.32	8.35	8.46	8.43
7.96	8.01	8.28	8.32	8.44	8.4
7.92	8.02	8.31	8.34	8.45	8.42
8.01	8.14	8.41	8.44	8.56	8.51
8.06	8.19	8.46	8.49	8.6	8.57
8.07	8.21	8.48	8.5	8.61	8.57
8.05	8.18	8.46	8.49	8.58	8.57
7.94	7.98	8.31	8.37	8.49	8.5
7.85	7.89	8.25	8.32	8.43	8.45
7.86	7.89	8.26	8.31	8.43	8.44
7.87	7.88	8.23	8.3	8.42	8.44
7.8	7.87	8.24	8.34	8.47	8.5
7.79	7.87	8.23	8.33	8.47	8.51
7.79	7.84	8.18	8.28	8.43	8.48
7.73	7.81	8.17	8.28	8.43	8.48
7.78	7.88	8.25	8.35	8.48	8.53
7.81	7.87	8.24	8.31	8.44	8.49
7.83	7.9	8.24	8.31	8.45	8.49
7.77	7.8	8.15	8.25	8.36	8.42
7.74	7.75	8.05	8.14	8.28	8.34
7.74	7.72	8.04	8.13	8.28	8.36
7.67	7.63	7.96	8.06	8.2	8.29
7.68	7.7	8.03	8.15	8.3	8.41
7.52	7.56	7.98	8.11	8.32	8.43
7.54	7.63	8.11	8.29	8.55	8.71
7.61	7.75	8.19	8.41	8.65	8.78
7.62	7.73	8.19	8.43	8.65	8.77
7.66	7.72	8.13	8.33	8.55	8.66
7.64	7.67	8.12	8.35	8.58	8.68
7.66	7.65	8.08	8.36	8.59	8.71
7.68	7.69	8.08	8.34	8.55	8.66
7.7	7.68	8.08	8.33	8.54	8.64
7.73	7.81	8.23	8.45	8.65	8.76
7.72	7.8	8.27	8.49	8.68	8.8
7.77	7.84	8.28	8.5	8.7	8.81
7.83	7.9	8.32	8.56	8.74	8.84
7.85	7.94	8.38	8.62	8.8	8.91
7.79	7.99	8.44	8.69	8.88	9
7.74	7.96	8.5	8.75	8.94	9.05
7.78	7.89	8.34	8.61	8.8	8.9
7.73	7.94	8.42	8.67	8.85	8.94
7.72	7.85	8.33	8.52	8.75	8.84
7.7	7.83	8.31	8.52	8.77	8.86
7.63	7.76	8.26	8.5	8.77	8.86
7.64	7.76	8.28	8.53	8.8	8.9
7.61	7.74	8.23	8.47	8.75	8.86
7.62	7.74	8.24	8.47	8.75	8.84
7.63	7.73	8.22	8.45	8.72	8.81
7.68	7.79	8.26	8.5	8.75	8.85
7.67	7.81	8.27	8.48	8.73	8.83
7.61	7.75	8.26	8.45	8.72	8.82
7.59	7.7	8.19	8.44	8.71	8.82
7.59	7.72	8.23	8.48	8.75	8.87
7.61	7.73	8.23	8.49	8.78	8.9
7.61	7.73	8.22	8.48	8.77	8.9
7.64	7.79	8.24	8.51	8.78	8.88
7.63	7.81	8.27	8.53	8.8	8.91
7.6	7.77	8.31	8.58	8.87	8.99
7.63	7.83	8.38	8.64	8.92	9.04
7.59	7.85	8.4	8.64	8.91	9.02
7.57	7.84	8.38	8.63	8.9	9
7.47	7.72	8.28	8.52	8.81	8.91
7.37	7.69	8.19	8.47	8.73	8.82
7.37	7.63	8.12	8.38	8.63	8.71
7.41	7.61	8.1	8.35	8.6	8.69
7.38	7.57	8.09	8.33	8.6	8.71
7.36	7.56	8.04	8.3	8.58	8.67
7.27	7.51	8	8.27	8.54	8.65
7.41	7.64	8.14	8.43	8.72	8.83
7.44	7.64	8.19	8.49	8.78	8.89
7.35	7.6	8.22	8.51	8.79	8.92
7.37	7.59	8.16	8.44	8.7	8.84
7.4	7.58	8.13	8.39	8.67	8.8
7.39	7.58	8.13	8.39	8.66	8.79
7.44	7.6	8.12	8.37	8.63	8.76
7.49	7.59	8.08	8.32	8.59	8.71
7.48	7.55	8.02	8.25	8.49	8.62
7.47	7.53	8.03	8.25	8.5	8.63
7.45	7.52	8	8.25	8.51	8.65
7.46	7.52	8	8.26	8.52	8.66
7.41	7.46	7.97	8.21	8.47	8.62
7.36	7.46	7.97	8.23	8.48	8.63
7.38	7.48	8.01	8.27	8.54	8.7
7.37	7.48	8.02	8.28	8.56	8.7
7.34	7.43	7.97	8.24	8.5	8.65
7.28	7.32	7.88	8.15	8.42	8.57
7.31	7.35	7.88	8.16	8.42	8.57
7.31	7.33	7.84	8.1	8.36	8.5
7.31	7.36	7.8	8.11	8.37	8.52
7.32	7.36	7.82	8.16	8.44	8.57
7.32	7.35	7.82	8.18	8.44	8.58
7.27	7.33	7.75	8.1	8.36	8.49
7.27	7.3	7.7	8.01	8.26	8.37
7.3	7.31	7.7	8.01	8.25	8.36
7.32	7.32	7.71	8.01	8.26	8.37
7.31	7.27	7.69	7.96	8.2	8.3
7.33	7.33	7.73	8.01	8.24	8.35
7.32	7.34	7.72	7.98	8.21	8.31
7.27	7.26	7.66	7.92	8.16	8.27
7.25	7.23	7.63	7.92	8.16	8.28
7.26	7.24	7.65	7.92	8.17	8.27
7.27	7.28	7.66	7.94	8.18	8.28
7.29	7.34	7.71	7.94	8.22	8.3
7.26	7.34	7.72	7.96	8.23	8.32
7.24	7.31	7.67	7.91	8.18	8.26
7.28	7.31	7.65	7.88	8.14	8.22
7.24	7.25	7.58	7.83	8.11	8.2
7.23	7.24	7.58	7.82	8.09	8.16
7.22	7.27	7.6	7.82	8.11	8.18
7.1	7.12	7.45	7.67	7.96	8.03
7.07	7.1	7.4	7.63	7.91	7.98
7.06	7.07	7.38	7.6	7.87	7.94
7	7.03	7.33	7.59	7.84	7.91
7.05	7.11	7.42	7.68	7.91	7.98
7.06	7.09	7.47	7.74	7.97	8.05
7.02	7.06	7.45	7.71	7.96	8.02
6.94	7.02	7.4	7.67	7.93	7.99
6.83	6.89	7.37	7.64	7.92	8
6.75	6.9	7.41	7.67	7.96	8.05
6.79	6.95	7.46	7.75	8.03	8.11
6.73	6.99	7.53	7.84	8.12	8.2
6.68	6.94	7.5	7.78	8.07	8.15
6.67	6.94	7.46	7.75	8.03	8.11
6.64	6.91	7.48	7.78	8.08	8.14
6.63	6.82	7.4	7.68	8	8.08
6.66	6.74	7.3	7.59	7.9	7.97
6.64	6.72	7.27	7.56	7.86	7.93
6.73	6.83	7.37	7.65	7.94	8.02
6.71	6.84	7.43	7.75	8.04	8.13
6.64	6.75	7.39	7.74	8.06	8.16
6.44	6.68	7.46	7.81	8.12	8.25
6.4	6.64	7.39	7.76	8.02	8.16
6.34	6.62	7.4	7.79	8.06	8.2
6.24	6.6	7.44	7.82	8.09	8.23
6.23	6.6	7.43	7.79	8.07	8.22
6.22	6.61	7.47	7.83	8.09	8.24
6.3	6.66	7.42	7.71	7.93	8.05
6.24	6.61	7.38	7.68	7.92	8.03
6.24	6.59	7.37	7.7	7.94	8.07
6.32	6.59	7.36	7.67	7.91	8.04
6.31	6.54	7.32	7.61	7.88	8
6.35	6.61	7.36	7.67	7.93	8.06
6.44	6.64	7.38	7.67	7.93	8.06
6.41	6.59	7.35	7.64	7.9	8.05
6.39	6.56	7.34	7.64	7.9	8.05
6.37	6.51	7.3	7.62	7.89	8.03
6.17	6.27	7.1	7.45	7.75	7.91
6.15	6.24	7.07	7.43	7.72	7.88
6.15	6.23	6.98	7.4	7.68	7.85
6.08	6.22	6.99	7.4	7.68	7.79
6.11	6.23	7	7.42	7.7	7.82
6.09	6.21	6.99	7.4	7.66	7.77
6.05	6.18	6.95	7.39	7.65	7.78
6.02	6.18	6.97	7.39	7.66	7.78
6.03	6.21	6.98	7.39	7.66	7.78
6.02	6.19	6.98	7.38	7.67	7.8
6.08	6.24	7.02	7.41	7.67	7.78
6.13	6.3	7.07	7.46	7.7	7.8
6.11	6.28	7.08	7.49	7.73	7.84
6.09	6.29	7.13	7.51	7.77	7.88
6.12	6.33	7.21	7.57	7.82	7.91
6.16	6.33	7.2	7.57	7.79	7.91
6.22	6.37	7.24	7.62	7.85	7.96
6.21	6.36	7.25	7.64	7.87	7.98
6.22	6.41	7.26	7.66	7.89	8.02
6.27	6.52	7.41	7.78	8	8.12
6.24	6.51	7.4	7.77	8.01	8.12
6.25	6.48	7.35	7.73	7.98	8.08
6.28	6.5	7.38	7.77	8.01	8.11
6.27	6.5	7.34	7.73	7.97	8.07
6.16	6.41	7.35	7.77	8.01	8.13
6.08	6.37	7.3	7.71	7.94	8.06
6.05	6.38	7.33	7.74	7.98	8.09
6.02	6.3	7.23	7.67	7.91	8.02
5.94	6.26	7.19	7.64	7.9	8.02
5.98	6.3	7.26	7.73	7.98	8.1
6.03	6.36	7.35	7.79	8.04	8.15
6.08	6.48	7.48	7.93	8.14	8.25
6.07	6.44	7.46	7.88	8.09	8.2
6.06	6.39	7.4	7.82	8.04	8.16
6.06	6.37	7.39	7.82	8.03	8.13
6.07	6.35	7.39	7.83	8.03	8.13
6.05	6.39	7.4	7.84	8.04	8.13
5.99	6.33	7.36	7.76	7.99	8.08
5.92	6.28	7.3	7.73	7.96	8.05
5.94	6.27	7.3	7.74	7.97	8.07
5.95	6.26	7.24	7.68	7.92	8.03
5.95	6.28	7.27	7.71	7.94	8.05
5.92	6.24	7.22	7.67	7.9	8
5.89	6.24	7.2	7.65	7.89	7.99
5.83	6.21	7.21	7.63	7.88	7.98
5.79	6.23	7.23	7.68	7.93	8.03
5.79	6.28	7.31	7.75	7.98	8.1
5.74	6.23	7.25	7.74	7.97	8.09
5.68	6.14	7.18	7.64	7.86	7.98
5.77	6.22	7.17	7.64	7.84	7.95
5.79	6.23	7.2	7.66	7.85	7.97
5.73	6.2	7.17	7.64	7.83	7.95
5.84	6.34	7.24	7.74	7.92	8.02
5.93	6.31	7.27	7.8	7.99	8.1
5.87	6.32	7.29	7.83	8.02	8.15
5.89	6.28	7.28	7.78	7.99	8.12
5.84	6.23	7.25	7.73	7.93	8.06
5.78	6.19	7.22	7.7	7.95	8.07
5.79	6.21	7.23	7.68	7.93	8.06
5.77	6.22	7.22	7.7	7.93	8.07
5.68	6.06	7.15	7.63	7.88	8.02
5.71	6.09	7.14	7.63	7.87	8.01
5.63	6.06	7.11	7.59	7.84	7.97
5.64	6.1	7.16	7.67	7.91	8.04
5.64	6.11	7.16	7.67	7.91	8.05
5.67	6.15	7.1	7.67	7.92	8.06
5.67	6.14	7.12	7.68	7.92	8.04
5.65	6.13	7.12	7.68	7.92	8.02
5.65	6.13	7.17	7.76	8	8.12
5.65	6.11	7.13	7.72	7.96	8.07
5.66	6.12	7.13	7.78	8.02	8.14
5.62	6.13	7.12	7.77	8.02	8.13
5.57	6.15	7.12	7.77	7.99	8.12
5.57	6.16	7.14	7.77	7.98	8.08
5.63	6.2	7.16	7.78	7.98	8.1
5.67	6.18	7.13	7.74	7.95	8.06
5.63	6.15	7.1	7.72	7.95	8.06
5.57	6.13	7.1	7.71	7.96	8.1
5.57	6.11	7.1	7.68	7.97	8.1
5.59	6.12	7.07	7.66	7.93	8.07
5.62	6.11	7.06	7.66	7.92	8.07
5.62	6.13	7.03	7.63	7.89	8.02
5.71	6.16	7.1	7.69	7.92	8.06
5.79	6.27	7.21	7.8	8.01	8.14
5.74	6.26	7.22	7.8	8.02	8.14
5.76	6.28	7.26	7.84	8.07	8.19
5.74	6.29	7.31	7.89	8.12	8.23
5.74	6.39	7.43	7.96	8.18	8.29
5.77	6.4	7.42	7.95	8.19	8.29
5.74	6.39	7.42	7.96	8.19	8.29
5.73	6.43	7.48	8.02	8.25	8.36
5.76	6.4	7.47	8	8.24	8.34
5.77	6.37	7.43	7.94	8.17	8.29
5.78	6.38	7.43	7.96	8.19	8.3
5.8	6.41	7.45	7.97	8.2	8.32
5.74	6.37	7.41	7.97	8.21	8.33
5.74	6.34	7.36	7.91	8.17	8.3
5.75	6.37	7.41	7.95	8.2	8.32
5.75	6.38	7.45	7.98	8.21	8.33
5.75	6.39	7.45	7.99	8.22	8.33
5.73	6.38	7.46	7.98	8.23	8.33
5.73	6.35	7.43	7.97	8.21	8.32
5.71	6.32	7.33	7.9	8.14	8.24
5.76	6.38	7.39	7.93	8.17	8.26
5.75	6.41	7.41	7.95	8.18	8.27
5.73	6.39	7.4	7.92	8.15	8.26
5.76	6.4	7.48	8.01	8.23	8.34
5.75	6.36	7.48	8	8.25	8.34
5.76	6.31	7.46	8.02	8.27	8.36
5.75	6.28	7.47	8	8.23	8.35
5.74	6.27	7.42	7.95	8.17	8.3
5.72	6.26	7.36	7.9	8.13	8.26
5.75	6.29	7.37	7.9	8.13	8.26
5.76	6.32	7.35	7.91	8.14	8.27
5.79	6.35	7.39	7.94	8.17	8.3
5.77	6.34	7.42	7.95	8.17	8.31
5.76	6.28	7.37	7.91	8.15	8.28
5.76	6.31	7.39	7.92	8.15	8.28
5.76	6.33	7.41	7.96	8.17	8.31
5.75	6.29	7.33	7.86	8.1	8.24
5.76	6.29	7.31	7.81	8.06	8.2
5.76	6.24	7.3	7.82	8.06	8.2
5.75	6.21	7.28	7.81	8.06	8.2
5.73	6.23	7.27	7.81	8.06	8.21
5.7	6.19	7.21	7.77	8.03	8.2
5.72	6.23	7.22	7.78	8.05	8.2
5.63	6.04	7.06	7.62	7.9	8.06
5.68	6.04	7.05	7.62	7.89	8.04
5.58	5.91	6.91	7.54	7.82	7.97
5.55	5.85	6.9	7.51	7.8	7.93
5.54	5.82	6.9	7.53	7.84	7.98
5.48	5.8	6.86	7.51	7.82	7.98
5.48	5.8	6.85	7.49	7.8	7.95
5.45	5.8	6.84	7.46	7.76	7.91
5.45	5.7	6.75	7.37	7.66	7.82
5.46	5.67	6.73	7.37	7.68	7.84
5.42	5.65	6.69	7.33	7.66	7.84
5.27	5.52	6.63	7.31	7.65	7.83
5.26	5.48	6.58	7.24	7.61	7.81
5.44	5.63	6.65	7.27	7.63	7.8
5.47	5.66	6.65	7.25	7.61	7.78
5.56	5.82	6.78	7.39	7.71	7.88
5.58	5.85	6.81	7.44	7.75	7.91
5.55	5.8	6.76	7.42	7.74	7.89
5.46	5.68	6.65	7.32	7.65	7.82
5.43	5.65	6.59	7.24	7.58	7.74
5.49	5.72	6.68	7.34	7.67	7.82
5.51	5.72	6.67	7.32	7.66	7.81
5.49	5.71	6.67	7.31	7.66	7.81
5.48	5.71	6.67	7.32	7.67	7.83
5.45	5.65	6.62	7.24	7.6	7.76
5.44	5.61	6.58	7.2	7.56	7.73
5.4	5.61	6.58	7.2	7.55	7.73
5.42	5.61	6.58	7.21	7.56	7.74
5.38	5.56	6.53	7.15	7.52	7.67
5.31	5.53	6.51	7.13	7.48	7.66
5.34	5.55	6.5	7.11	7.44	7.63
5.35	5.56	6.5	7.1	7.43	7.62
5.34	5.56	6.48	7.1	7.43	7.62
5.36	5.59	6.47	7.1	7.43	7.61
5.35	5.55	6.44	7.09	7.4	7.57
5.37	5.54	6.42	7.09	7.38	7.55
5.33	5.54	6.42	7.09	7.38	7.56
5.33	5.53	6.42	7.06	7.4	7.58
5.28	5.47	6.35	7.03	7.38	7.56
5.28	5.43	6.31	6.95	7.31	7.49
5.26	5.42	6.28	6.92	7.29	7.47
5.25	5.42	6.26	6.9	7.27	7.45
5.24	5.43	6.29	6.9	7.28	7.47
5.19	5.39	6.25	6.88	7.26	7.47
5.17	5.35	6.2	6.81	7.18	7.39
5.18	5.35	6.2	6.81	7.18	7.4
5.17	5.35	6.19	6.82	7.2	7.43
5.16	5.36	6.23	6.87	7.24	7.51
5.18	5.4	6.3	6.93	7.3	7.58
5.14	5.33	6.22	6.84	7.19	7.49
5.13	5.28	6.17	6.81	7.16	7.46
5.12	5.27	6.17	6.79	7.15	7.45
5.18	5.38	6.25	6.9	7.24	7.55
5.18	5.39	6.24	6.88	7.22	7.53
5.19	5.43	6.3	6.95	7.3	7.62
5.21	5.44	6.33	6.99	7.35	7.67
5.19	5.42	6.35	7	7.37	7.69
5.12	5.32	6.25	6.91	7.33	7.65
5.11	5.32	6.28	6.96	7.36	7.68
5.09	5.29	6.24	6.91	7.32	7.65
5.03	5.19	6.14	6.8	7.19	7.51
4.98	5.13	6.12	6.77	7.18	7.48
4.96	5.1	6.06	6.74	7.15	7.47
4.89	5.03	6.02	6.71	7.16	7.48
4.88	5.02	6.03	6.74	7.18	7.5
4.9	5.07	6.04	6.79	7.21	7.56
4.76	4.98	5.97	6.72	7.16	7.51
4.76	4.96	5.95	6.65	7.08	7.43
4.75	4.96	5.96	6.66	7.08	7.41
4.77	4.98	5.97	6.65	7.05	7.37
4.76	5.02	6	6.69	7.08	7.41
4.76	4.95	5.93	6.62	7.02	7.35
4.72	4.89	5.88	6.58	6.99	7.33
4.71	4.89	5.88	6.57	6.98	7.33
4.66	4.84	5.83	6.55	6.99	7.37
4.62	4.83	5.84	6.56	7.01	7.38
4.56	4.77	5.82	6.54	6.99	7.39
4.55	4.75	5.82	6.56	7.02	7.44
4.55	4.78	5.86	6.61	7.06	7.45
4.52	4.75	5.81	6.53	7.04	7.42
4.51	4.74	5.8	6.53	7.03	7.42
4.47	4.69	5.76	6.48	6.99	7.38
4.51	4.68	5.71	6.43	6.91	7.32
4.48	4.64	5.67	6.39	6.86	7.28
4.43	4.59	5.59	6.27	6.74	7.17
4.43	4.6	5.6	6.3	6.78	7.21
4.36	4.53	5.58	6.31	6.81	7.26
4.28	4.44	5.48	6.23	6.75	7.22
4.32	4.47	5.48	6.25	6.75	7.21
4.26	4.46	5.44	6.26	6.76	7.22
4.26	4.42	5.43	6.23	6.74	7.19
4.26	4.43	5.46	6.3	6.79	7.22
4.25	4.42	5.44	6.28	6.78	7.21
4.22	4.38	5.39	6.24	6.75	7.18
4.23	4.44	5.46	6.3	6.78	7.19
4.15	4.39	5.4	6.19	6.73	7.11
3.84	4.11	5.2	6.02	6.59	6.97
3.87	4.13	5.17	6	6.51	6.88
3.91	4.18	5.18	6.01	6.53	6.88
3.92	4.19	5.17	6	6.51	6.85
3.96	4.18	5.15	6	6.5	6.82
3.97	4.14	5.14	5.97	6.44	6.76
3.96	4.12	5.11	5.93	6.38	6.71
3.96	4.13	5.13	5.98	6.46	6.78
3.95	4.16	5.19	6.05	6.54	6.85
3.92	4.12	5.14	6.02	6.51	6.82
3.85	4.03	5.06	5.94	6.44	6.76
3.82	4	5.05	5.96	6.42	6.77
3.87	4.05	5.13	6.02	6.47	6.79
3.92	4.11	5.22	6.1	6.54	6.85
3.92	4.17	5.34	6.21	6.62	6.92
3.92	4.16	5.44	6.34	6.77	7.03
3.94	4.22	5.48	6.37	6.78	7.05
3.89	4.18	5.51	6.41	6.84	7.13
3.89	4.14	5.46	6.36	6.81	7.09
3.86	4.1	5.36	6.27	6.71	7.03
3.85	4.1	5.4	6.28	6.74	7.09
3.87	4.15	5.51	6.32	6.84	7.2
3.91	4.22	5.62	6.4	6.89	7.25
3.93	4.24	5.66	6.41	6.88	7.24
3.93	4.2	5.58	6.32	6.8	7.16
3.96	4.22	5.67	6.42	6.89	7.25
3.93	4.24	5.71	6.48	6.93	7.31
3.94	4.23	5.65	6.44	6.92	7.31
3.96	4.23	5.72	6.52	6.98	7.36
3.94	4.21	5.67	6.46	6.91	7.29
3.94	4.21	5.59	6.4	6.83	7.21
3.91	4.2	5.56	6.4	6.81	7.2
3.84	4.1	5.51	6.4	6.8	7.2
3.83	4.08	5.52	6.38	6.79	7.21
3.85	4.14	5.51	6.4	6.82	7.23
3.85	4.16	5.55	6.46	6.88	7.3
3.89	4.26	5.72	6.61	7	7.4
3.89	4.32	5.76	6.65	7.02	7.41
3.93	4.31	5.77	6.69	7.07	7.47
3.95	4.33	5.78	6.67	7.05	7.42
3.98	4.38	5.78	6.67	7.03	7.41
4.03	4.47	5.93	6.77	7.1	7.45
4.07	4.48	5.96	6.81	7.12	7.47
4.07	4.47	5.92	6.78	7.09	7.44
4.05	4.4	5.84	6.66	7.01	7.33
4.04	4.36	5.84	6.67	7.02	7.35
4.03	4.35	5.75	6.58	6.95	7.27
4.14	4.5	5.94	6.73	7.07	7.38
4.14	4.51	5.94	6.76	7.11	7.43
4.13	4.52	5.98	6.76	7.1	7.43
4.14	4.63	6.1	6.87	7.21	7.51
4.14	4.6	6.05	6.85	7.18	7.48
4.1	4.55	6.01	6.77	7.1	7.42
4.11	4.58	6.02	6.78	7.11	7.43
4.11	4.6	6.07	6.86	7.21	7.51
4.12	4.69	6.22	7.01	7.33	7.62
4.16	4.79	6.37	7.14	7.44	7.71
4.18	4.78	6.37	7.12	7.43	7.69
4.16	4.72	6.32	7.06	7.37	7.62
4.15	4.74	6.33	7.06	7.36	7.62
4.15	4.69	6.29	7.03	7.31	7.57
4.16	4.74	6.36	7.12	7.38	7.64
4.17	4.74	6.37	7.1	7.37	7.62
4.15	4.66	6.26	7	7.27	7.53
4.11	4.62	6.22	6.96	7.25	7.53
4.11	4.6	6.23	6.98	7.29	7.57
4.11	4.6	6.22	6.97	7.27	7.54
4.16	4.56	6.19	6.93	7.25	7.54
4.15	4.54	6.17	6.94	7.25	7.54
4.11	4.48	6.07	6.82	7.17	7.46
4.12	4.53	6.1	6.85	7.2	7.47
4.06	4.4	5.93	6.76	7.13	7.42
4.03	4.39	5.91	6.74	7.12	7.41
3.96	4.35	5.89	6.73	7.12	7.41
3.96	4.32	5.87	6.76	7.14	7.44
3.75	4.08	5.65	6.59	7.02	7.35
3.74	4.12	5.72	6.62	7.03	7.37
3.7	4.08	5.69	6.58	6.98	7.33
3.7	4.1	5.71	6.6	6.99	7.35
3.7	4.14	5.77	6.66	7.02	7.37
3.73	4.23	5.9	6.76	7.11	7.45
3.79	4.34	6.03	6.9	7.25	7.59
3.77	4.33	6.01	6.89	7.24	7.58
3.77	4.33	6.01	6.89	7.23	7.57
3.76	4.35	6.05	6.91	7.25	7.59
3.76	4.27	5.99	6.85	7.21	7.55
3.82	4.36	6.04	6.9	7.25	7.6
3.8	4.34	6.03	6.87	7.23	7.57
3.8	4.34	6.01	6.88	7.26	7.6
3.79	4.4	6.05	6.91	7.26	7.61
3.72	4.28	5.97	6.82	7.2	7.56
3.71	4.28	5.95	6.82	7.21	7.58
3.72	4.27	5.92	6.8	7.18	7.56
3.7	4.22	5.9	6.76	7.15	7.46
3.71	4.26	5.96	6.8	7.16	7.49
3.72	4.22	5.88	6.73	7.09	7.41
3.74	4.18	5.82	6.71	7.07	7.4
3.7	4.15	5.78	6.66	7.02	7.36
3.67	4.09	5.72	6.64	7	7.34
3.65	4.09	5.72	6.63	7	7.34
3.66	4.08	5.7	6.6	6.96	7.28
3.69	4.08	5.69	6.59	6.96	7.28
3.62	4	5.59	6.47	6.86	7.2
3.65	4.08	5.66	6.55	6.93	7.25
3.76	4.25	5.89	6.77	7.1	7.39
3.77	4.19	5.81	6.69	7.05	7.35
3.84	4.32	5.91	6.79	7.14	7.46
3.79	4.27	5.86	6.74	7.11	7.44
3.77	4.24	5.79	6.67	7.04	7.36
3.79	4.24	5.75	6.61	7	7.33
3.82	4.32	5.84	6.69	7.06	7.39
3.83	4.3	5.78	6.61	7.02	7.35
3.8	4.27	5.76	6.6	7.01	7.34
3.78	4.26	5.76	6.6	7.01	7.34
3.77	4.21	5.7	6.55	6.96	7.31
3.78	4.2	5.69	6.56	6.97	7.31
3.77	4.2	5.69	6.59	6.99	7.33
3.77	4.2	5.69	6.59	7.01	7.35
3.75	4.18	5.67	6.56	6.98	7.33
3.75	4.14	5.61	6.49	6.94	7.29
3.75	4.13	5.6	6.49	6.93	7.28
3.72	4.12	5.56	6.44	6.88	7.24
3.7	4.1	5.55	6.44	6.86	7.23
3.69	4.08	5.5	6.39	6.81	7.19
3.74	4.17	5.54	6.45	6.87	7.24
3.75	4.15	5.55	6.45	6.86	7.24
3.77	4.22	5.58	6.5	6.88	7.25
3.72	4.11	5.47	6.39	6.83	7.2
3.71	4.09	5.41	6.32	6.75	7.14
3.71	4.11	5.42	6.33	6.78	7.15
3.66	4.04	5.38	6.29	6.74	7.12
3.65	4.05	5.39	6.29	6.76	7.14
3.63	4.04	5.38	6.27	6.73	7.1
3.31	3.7	5.15	6.02	6.53	6.93
3.29	3.67	5.06	5.97	6.49	6.9
3.28	3.63	4.98	5.91	6.45	6.87
3.29	3.63	4.98	5.93	6.45	6.91
3.28	3.63	4.97	5.93	6.45	6.91
3.29	3.62	4.95	5.92	6.43	6.93
3.29	3.62	4.97	5.94	6.46	6.97
3.28	3.57	4.91	5.9	6.45	6.97
3.25	3.48	4.82	5.8	6.37	6.9
3.24	3.49	4.8	5.8	6.35	6.87
3.23	3.5	4.83	5.82	6.38	6.9
3.26	3.51	4.84	5.82	6.38	6.9
3.26	3.55	4.87	5.82	6.37	6.89
3.24	3.53	4.81	5.77	6.32	6.85
3.23	3.52	4.71	5.62	6.18	6.72
3.23	3.55	4.77	5.66	6.2	6.73
3.26	3.58	4.78	5.66	6.16	6.69
3.26	3.55	4.75	5.63	6.11	6.63
3.25	3.54	4.76	5.62	6.09	6.6
3.25	3.58	4.88	5.76	6.24	6.69
3.25	3.62	4.97	5.84	6.27	6.72
3.25	3.61	4.97	5.82	6.28	6.72
3.24	3.57	4.88	5.72	6.2	6.66
3.24	3.55	4.83	5.69	6.17	6.64
3.23	3.54	4.82	5.67	6.18	6.65
3.21	3.44	4.71	5.56	6.08	6.57
3.2	3.42	4.67	5.5	6.01	6.52
3.2	3.43	4.66	5.5	5.99	6.5
3.19	3.45	4.71	5.54	6.02	6.48
3.16	3.43	4.72	5.57	6.09	6.55
3.13	3.4	4.67	5.54	6.06	6.53
3.16	3.41	4.66	5.55	6.09	6.56
3.14	3.36	4.56	5.44	6	6.48
3.15	3.38	4.55	5.43	5.99	6.47
3.15	3.4	4.54	5.42	5.98	6.46
3.14	3.46	4.63	5.54	6.08	6.53
3.23	3.57	4.8	5.72	6.25	6.68
3.24	3.57	4.86	5.76	6.29	6.73
3.23	3.5	4.81	5.7	6.25	6.68
3.23	3.48	4.76	5.65	6.2	6.64
3.23	3.47	4.72	5.6	6.18	6.63
3.23	3.47	4.69	5.6	6.17	6.62
3.22	3.45	4.64	5.52	6.11	6.56
3.21	3.43	4.59	5.5	6.07	6.54
3.21	3.43	4.59	5.5	6.07	6.54
2.98	3.18	4.38	5.3	5.9	6.4
2.96	3.14	4.31	5.21	5.8	6.29
2.97	3.17	4.34	5.25	5.83	6.31
2.97	3.17	4.34	5.26	5.84	6.31
2.98	3.19	4.39	5.33	5.91	6.37
2.95	3.13	4.33	5.28	5.86	6.32
2.98	3.2	4.43	5.37	5.94	6.4
2.96	3.17	4.42	5.4	5.95	6.41
2.94	3.14	4.4	5.41	5.95	6.4
2.94	3.13	4.4	5.41	5.97	6.41
2.97	3.16	4.45	5.46	5.99	6.42
2.98	3.2	4.49	5.52	6.07	6.5
2.98	3.21	4.52	5.54	6.13	6.54
2.95	3.17	4.45	5.47	6.06	6.48
2.86	3.04	4.31	5.33	5.96	6.41
2.79	3.04	4.29	5.28	5.91	6.37
2.79	3.06	4.31	5.31	5.92	6.37
2.75	3.06	4.34	5.33	5.94	6.37
2.67	2.96	4.18	5.18	5.8	6.23
2.69	2.98	4.2	5.22	5.84	6.26
2.75	2.98	4.18	5.18	5.81	6.24
2.79	3.05	4.24	5.25	5.89	6.3
2.89	3.15	4.42	5.43	6.03	6.46
2.85	3.08	4.36	5.37	5.99	6.41
2.89	3.19	4.5	5.5	6.08	6.52
2.95	3.22	4.52	5.49	6.07	6.51
2.99	3.26	4.54	5.51	6.07	6.51
2.98	3.27	4.56	5.52	6.08	6.53
2.97	3.3	4.6	5.57	6.12	6.6
3.04	3.41	4.74	5.71	6.23	6.69
3.09	3.56	4.97	5.9	6.44	6.86
2.99	3.47	4.91	5.82	6.35	6.8
2.98	3.45	4.86	5.79	6.32	6.74
3	3.52	4.98	5.91	6.41	6.83
3.02	3.55	5	5.92	6.42	6.83
3	3.48	4.9	5.82	6.34	6.78
3	3.45	4.89	5.83	6.33	6.76
3.02	3.48	4.87	5.79	6.27	6.71
3.03	3.54	4.98	5.9	6.36	6.8
3.08	3.62	5.07	5.96	6.46	6.88
3.1	3.57	5.03	5.94	6.45	6.87
3.09	3.56	5.01	5.94	6.46	6.89
3.08	3.54	4.96	5.93	6.44	6.87
3.13	3.6	5.07	6.02	6.54	6.97
3.17	3.66	5.16	6.09	6.59	7
3.15	3.62	5.1	6.01	6.5	6.91
3.13	3.59	5	5.89	6.38	6.79
3.15	3.68	5.09	5.99	6.44	6.82
3.22	3.77	5.21	6.11	6.54	6.9
3.24	3.73	5.21	6.08	6.51	6.86
3.22	3.68	5.11	5.97	6.41	6.78
3.22	3.72	5.12	6	6.44	6.81
3.28	3.77	5.2	6.08	6.48	6.84
3.34	3.77	5.22	6.1	6.51	6.86
3.29	3.69	5.16	6.04	6.45	6.82
3.31	3.75	5.23	6.12	6.5	6.84
3.33	3.81	5.36	6.22	6.6	6.93
3.38	3.83	5.36	6.23	6.61	6.95
3.4	3.86	5.39	6.24	6.61	6.94
3.42	3.84	5.39	6.23	6.61	6.93
3.37	3.83	5.36	6.2	6.59	6.91
3.32	3.73	5.27	6.11	6.51	6.84
3.35	3.69	5.19	6.05	6.45	6.78
3.33	3.66	5.13	5.99	6.39	6.73
3.3	3.69	5.16	6.01	6.41	6.76
3.29	3.72	5.19	6.04	6.42	6.77
3.32	3.82	5.29	6.1	6.48	6.8
3.33	3.85	5.34	6.15	6.52	6.83
3.29	3.78	5.29	6.12	6.5	6.83
3.28	3.73	5.21	6.06	6.44	6.77
3.27	3.73	5.21	6.08	6.45	6.77
3.23	3.69	5.2	6.07	6.44	6.76
3.25	3.68	5.18	6.05	6.41	6.71
3.27	3.63	5.12	6.02	6.36	6.65
3.25	3.63	5.14	6.01	6.39	6.68
3.23	3.63	5.13	6.02	6.4	6.69
3.3	3.64	5.17	6.06	6.43	6.72
3.27	3.64	5.15	6.04	6.42	6.69
3.19	3.57	5.07	5.98	6.39	6.68
3.15	3.61	5.12	6.04	6.43	6.7
3.19	3.56	5.03	5.9	6.33	6.6
3.18	3.58	5	5.9	6.32	6.61
3.17	3.62	5.06	5.94	6.36	6.63
3.19	3.7	5.17	6.05	6.49	6.76
3.13	3.56	5.06	5.97	6.44	6.75
3.12	3.54	5.01	5.93	6.4	6.71
3.09	3.54	5.03	5.95	6.41	6.72
3.06	3.51	5.02	5.93	6.36	6.71
3.04	3.48	4.96	5.88	6.3	6.65
3	3.42	4.88	5.8	6.24	6.6
3.1	3.48	4.91	5.82	6.23	6.59
3.08	3.51	4.95	5.85	6.26	6.61
3.05	3.48	4.91	5.83	6.23	6.6
3.03	3.41	4.85	5.77	6.18	6.57
3.02	3.41	4.8	5.71	6.11	6.48
3.01	3.45	4.83	5.75	6.13	6.5
2.97	3.41	4.8	5.68	6.1	6.48
2.96	3.38	4.73	5.61	6.05	6.44
2.96	3.39	4.72	5.57	6	6.39
3.01	3.4	4.69	5.55	5.97	6.38
3.02	3.43	4.76	5.63	6.04	6.46
2.99	3.44	4.77	5.62	6.04	6.45
2.96	3.44	4.68	5.53	5.98	6.39
2.96	3.36	4.58	5.42	5.88	6.32
3	3.43	4.64	5.49	5.93	6.37
2.99	3.47	4.72	5.55	5.98	6.41
3	3.5	4.79	5.63	6.06	6.4
2.98	3.44	4.72	5.58	6.02	6.37
2.99	3.43	4.7	5.57	6	6.35
3	3.44	4.64	5.52	5.98	6.34
2.97	3.39	4.54	5.43	5.9	6.28
2.95	3.3	4.43	5.29	5.75	6.17
2.99	3.3	4.44	5.3	5.76	6.15
3.01	3.32	4.44	5.28	5.7	6.09
3	3.27	4.33	5.12	5.53	5.92
3.02	3.32	4.4	5.2	5.64	6.01
3.01	3.33	4.36	5.23	5.68	6.03
3.01	3.32	4.37	5.21	5.67	6.03
3.03	3.3	4.31	5.12	5.58	5.94
3.03	3.31	4.31	5.13	5.58	5.95
3	3.28	4.24	5.05	5.51	5.88
2.97	3.24	4.19	5	5.46	5.83
3.07	3.37	4.37	5.14	5.56	5.9
3.05	3.39	4.37	5.15	5.54	5.85
3.05	3.41	4.46	5.21	5.6	5.91
3.04	3.4	4.49	5.24	5.65	5.97
3.03	3.35	4.47	5.23	5.65	5.96
3.04	3.39	4.56	5.35	5.8	6.11
3.06	3.42	4.61	5.39	5.87	6.17
3.04	3.38	4.5	5.27	5.76	6.06
3.04	3.36	4.44	5.21	5.72	6.02
3.01	3.3	4.35	5.11	5.63	5.93
3.03	3.32	4.38	5.17	5.65	5.95
2.99	3.29	4.37	5.18	5.65	5.96
2.98	3.28	4.31	5.14	5.6	5.91
2.98	3.31	4.38	5.19	5.64	5.95
2.97	3.29	4.38	5.19	5.67	5.98
3	3.33	4.5	5.32	5.78	6.09
3	3.33	4.44	5.25	5.75	6.06
2.97	3.29	4.38	5.2	5.71	6.02
2.95	3.32	4.42	5.24	5.72	6.03
2.96	3.32	4.41	5.24	5.74	6.06
2.97	3.32	4.48	5.31	5.83	6.16
2.97	3.3	4.45	5.27	5.79	6.13
2.98	3.35	4.39	5.22	5.73	6.08
2.98	3.33	4.39	5.23	5.72	6.07
2.96	3.25	4.3	5.13	5.62	5.97
2.94	3.23	4.27	5.09	5.57	5.92
2.91	3.22	4.27	5.1	5.55	5.93
2.88	3.19	4.24	5.07	5.51	5.9
2.9	3.22	4.24	5.06	5.49	5.88
2.9	3.21	4.26	5.08	5.51	5.89
2.87	3.21	4.25	5.07	5.49	5.87
2.85	3.19	4.24	5.07	5.49	5.87
2.86	3.17	4.23	5.05	5.48	5.86
2.88	3.17	4.21	5.04	5.46	5.85
2.9	3.18	4.21	5.06	5.49	5.89
2.95	3.23	4.25	5.09	5.53	5.94
2.97	3.27	4.33	5.19	5.62	6.02
2.98	3.27	4.35	5.18	5.64	6.03
2.96	3.24	4.28	5.1	5.58	5.99
2.97	3.26	4.3	5.14	5.63	6.05
2.93	3.22	4.23	5.06	5.54	5.96
2.93	3.23	4.23	5.04	5.49	5.92
2.95	3.26	4.27	5.07	5.51	5.93
2.92	3.22	4.24	5.03	5.52	5.89
2.93	3.23	4.25	5.04	5.57	5.92
2.95	3.22	4.24	5.02	5.53	5.89
2.95	3.23	4.25	5.03	5.51	5.89
2.96	3.26	4.28	5.07	5.57	5.96
2.99	3.3	4.35	5.15	5.63	6.02
3.03	3.33	4.38	5.21	5.67	6.03
3.08	3.41	4.47	5.27	5.72	6.07
3.08	3.4	4.49	5.3	5.78	6.15
3.03	3.37	4.45	5.26	5.73	6.11
3.03	3.39	4.45	5.25	5.71	6.09
3.07	3.45	4.53	5.34	5.78	6.16
3.15	3.52	4.59	5.37	5.79	6.16
3.14	3.52	4.59	5.38	5.81	6.17
3.12	3.51	4.57	5.35	5.76	6.12
3.13	3.58	4.6	5.35	5.76	6.11
3.13	3.62	4.63	5.37	5.8	6.16
3.14	3.55	4.54	5.28	5.71	6.07
3.14	3.56	4.57	5.27	5.69	6.06
3.1	3.53	4.52	5.23	5.64	6.02
3.18	3.67	4.67	5.36	5.75	6.11
3.2	3.65	4.66	5.34	5.73	6.08
3.2	3.66	4.7	5.35	5.74	6.09
3.18	3.62	4.67	5.33	5.72	6.07
3.18	3.62	4.67	5.34	5.72	6.07
3.12	3.51	4.53	5.22	5.61	5.97
3.13	3.5	4.52	5.2	5.6	5.97
3.12	3.48	4.49	5.19	5.59	5.96
3.11	3.47	4.47	5.18	5.59	5.96
3.1	3.46	4.47	5.17	5.57	5.93
3.13	3.52	4.53	5.23	5.62	5.97
3.17	3.52	4.51	5.2	5.57	5.92
3.16	3.51	4.51	5.21	5.58	5.91
3.19	3.56	4.54	5.2	5.59	5.91
3.17	3.54	4.49	5.16	5.55	5.88
3.15	3.5	4.45	5.13	5.51	5.84
3.11	3.47	4.41	5.08	5.47	5.8
3.1	3.45	4.37	5.05	5.45	5.79
3.1	3.45	4.39	5.05	5.46	5.8
3.06	3.41	4.37	5.04	5.46	5.8
3.02	3.34	4.31	4.98	5.42	5.76
3.12	3.42	4.38	5.04	5.47	5.8
3.11	3.43	4.38	5.04	5.47	5.8
3.09	3.42	4.35	5.02	5.45	5.78
3.09	3.41	4.34	5	5.42	5.76
3.1	3.4	4.33	5	5.41	5.75
3.11	3.44	4.39	5.03	5.43	5.78
3.08	3.4	4.32	4.98	5.37	5.72
3.08	3.41	4.34	4.99	5.37	5.72
3.08	3.41	4.34	4.99	5.36	5.71
3.12	3.42	4.35	5	5.37	5.71
3.13	3.48	4.42	5.08	5.42	5.75
3.14	3.52	4.49	5.17	5.53	5.83
3.16	3.61	4.59	5.24	5.6	5.9
3.16	3.62	4.62	5.28	5.66	5.95
3.17	3.59	4.58	5.25	5.62	5.93
3.17	3.61	4.59	5.26	5.62	5.92
3.15	3.59	4.57	5.23	5.58	5.9
3.09	3.51	4.46	5.13	5.47	5.81
3.1	3.53	4.5	5.16	5.5	5.83
3.17	3.58	4.55	5.2	5.55	5.85
3.15	3.56	4.55	5.19	5.51	5.83
3.15	3.57	4.55	5.2	5.54	5.87
3.12	3.54	4.5	5.18	5.52	5.86
3.11	3.52	4.48	5.16	5.52	5.86
3.11	3.48	4.45	5.12	5.48	5.82
3.1	3.51	4.48	5.14	5.49	5.82
3.09	3.5	4.47	5.13	5.46	5.75
3.08	3.47	4.43	5.13	5.47	5.77
3.09	3.43	4.38	5.08	5.41	5.72
3.1	3.42	4.35	5.05	5.36	5.68
3.08	3.43	4.39	5.07	5.39	5.7
3.05	3.41	4.36	5.04	5.37	5.69
3.05	3.39	4.29	4.97	5.32	5.64
3.06	3.39	4.29	4.96	5.28	5.61
3.08	3.4	4.3	4.98	5.28	5.6
3.05	3.36	4.24	4.9	5.21	5.54
3.04	3.35	4.2	4.86	5.17	5.51
3.06	3.34	4.16	4.78	5.1	5.42
3.09	3.38	4.2	4.83	5.13	5.48
3.08	3.35	4.18	4.78	5.1	5.44
3.08	3.38	4.2	4.8	5.11	5.45
3.08	3.36	4.21	4.81	5.12	5.46
3.05	3.34	4.16	4.76	5.09	5.41
3	3.25	4.04	4.65	5.01	5.31
3.01	3.26	4.01	4.6	4.96	5.23
3.02	3.32	4.07	4.63	4.96	5.23
3.04	3.37	4.18	4.74	5.06	5.35
3.02	3.32	4.11	4.67	5.01	5.29
3.04	3.33	4.13	4.66	4.99	5.26
3.05	3.41	4.23	4.77	5.12	5.37
3.02	3.39	4.19	4.75	5.14	5.39
3.01	3.39	4.19	4.74	5.12	5.37
3.01	3.39	4.19	4.75	5.11	5.38
3	3.41	4.23	4.79	5.13	5.42
2.98	3.38	4.21	4.8	5.19	5.47
2.98	3.39	4.22	4.81	5.17	5.45
2.99	3.39	4.22	4.8	5.15	5.42
2.99	3.39	4.22	4.81	5.14	5.42
2.96	3.32	4.12	4.69	5.01	5.3
2.96	3.32	4.11	4.67	4.98	5.28
2.99	3.36	4.19	4.74	5.03	5.35
2.98	3.39	4.24	4.79	5.11	5.4
2.98	3.35	4.18	4.72	5.03	5.34
3.02	3.35	4.16	4.71	5.04	5.34
3.06	3.38	4.18	4.72	5.05	5.35
3.04	3.36	4.16	4.7	5.05	5.35
3.05	3.35	4.15	4.69	5.05	5.33
3.05	3.33	4.09	4.61	4.96	5.26
3.12	3.36	4.11	4.64	4.97	5.27
3.1	3.36	4.11	4.64	4.98	5.27
3.08	3.36	4.09	4.61	4.93	5.23
3.08	3.35	4.06	4.57	4.9	5.19
3.13	3.39	4.14	4.66	4.99	5.27
3.13	3.39	4.14	4.66	5	5.27
3.11	3.38	4.13	4.64	4.98	5.26
3.12	3.4	4.19	4.72	5.07	5.35
3.11	3.42	4.23	4.76	5.15	5.42
3.14	3.45	4.26	4.82	5.21	5.47
3.16	3.45	4.25	4.79	5.17	5.43
3.15	3.47	4.28	4.82	5.19	5.44
3.11	3.47	4.29	4.83	5.17	5.41
3.1	3.47	4.3	4.83	5.19	5.43
3.18	3.53	4.42	4.96	5.32	5.56
3.19	3.59	4.49	5.02	5.41	5.63
3.16	3.56	4.46	5.01	5.39	5.67
3.15	3.55	4.47	5.03	5.42	5.67
3.13	3.58	4.53	5.11	5.5	5.75
3.17	3.55	4.47	5.04	5.44	5.7
3.18	3.54	4.47	5.02	5.41	5.64
3.19	3.56	4.51	5.08	5.45	5.72
3.18	3.54	4.45	5.02	5.39	5.66
3.18	3.56	4.49	5.02	5.4	5.69
3.16	3.56	4.45	4.98	5.35	5.66
3.16	3.55	4.42	4.99	5.35	5.65
3.18	3.59	4.49	5.06	5.43	5.72
3.2	3.64	4.58	5.16	5.54	5.84
3.21	3.65	4.61	5.2	5.6	5.89
3.19	3.6	4.55	5.14	5.52	5.82
3.19	3.6	4.54	5.11	5.54	5.84
3.18	3.58	4.52	5.08	5.49	5.78
3.2	3.6	4.49	5.08	5.46	5.76
3.21	3.65	4.55	5.15	5.53	5.83
3.19	3.62	4.54	5.14	5.52	5.82
3.18	3.62	4.55	5.16	5.52	5.81
3.18	3.62	4.59	5.16	5.52	5.8
3.18	3.57	4.5	5.09	5.43	5.72
3.16	3.6	4.52	5.1	5.43	5.71
3.15	3.6	4.5	5.09	5.41	5.71
3.13	3.6	4.49	5.07	5.38	5.68
3.12	3.62	4.53	5.13	5.45	5.73
3.12	3.62	4.56	5.16	5.5	5.78
3.11	3.63	4.59	5.2	5.54	5.82
3.1	3.61	4.58	5.19	5.55	5.83
3.1	3.6	4.58	5.2	5.56	5.84
3.09	3.58	4.54	5.17	5.52	5.81
3.15	3.61	4.58	5.2	5.54	5.83
3.14	3.62	4.58	5.22	5.56	5.85
3.13	3.59	4.5	5.13	5.46	5.74
3.13	3.59	4.49	5.1	5.42	5.72
3.13	3.61	4.5	5.09	5.42	5.72
3.13	3.6	4.49	5.1	5.42	5.72
3.08	3.6	4.51	5.12	5.44	5.74
3.04	3.62	4.58	5.2	5.53	5.82
3.07	3.63	4.58	5.21	5.53	5.83
3.16	3.67	4.66	5.29	5.66	5.92
3.15	3.65	4.63	5.26	5.62	5.88
3.14	3.66	4.66	5.27	5.64	5.9
3.12	3.65	4.59	5.21	5.57	5.84
3.07	3.54	4.43	5.03	5.39	5.7
3.06	3.53	4.41	5.01	5.36	5.67
3.04	3.51	4.41	5	5.34	5.67
3.02	3.47	4.36	4.95	5.29	5.6
3.01	3.52	4.47	5.08	5.41	5.71
3.03	3.55	4.51	5.12	5.46	5.78
3.04	3.53	4.48	5.09	5.43	5.74
3.03	3.52	4.47	5.08	5.43	5.76
3.01	3.47	4.41	5.02	5.38	5.71
3.01	3.5	4.44	5.05	5.39	5.73
3.01	3.5	4.44	5.06	5.4	5.74
2.99	3.51	4.46	5.08	5.43	5.78
2.98	3.53	4.46	5.09	5.41	5.77
2.98	3.52	4.45	5.04	5.37	5.73
2.99	3.49	4.4	4.99	5.3	5.68
3.05	3.53	4.44	5.02	5.34	5.7
3.1	3.6	4.53	5.1	5.43	5.77
3.13	3.61	4.53	5.11	5.43	5.77
3.2	3.73	4.6	5.17	5.48	5.81
3.3	3.84	4.75	5.32	5.62	5.94
3.31	3.83	4.78	5.36	5.65	5.96
3.32	3.86	4.82	5.38	5.7	6.01
3.32	3.85	4.8	5.35	5.67	5.92
3.33	3.86	4.83	5.36	5.68	5.91
3.33	3.84	4.8	5.34	5.66	5.88
3.34	3.85	4.81	5.36	5.67	5.9
3.34	3.85	4.8	5.34	5.66	5.88
3.34	3.86	4.8	5.35	5.67	5.89
3.35	3.89	4.88	5.45	5.77	6
3.36	3.93	4.94	5.52	5.87	6.09
3.4	3.93	4.93	5.5	5.84	6.05
3.46	4.01	5.02	5.59	5.92	6.13
3.44	4.03	5.07	5.66	6.01	6.22
3.44	4.05	5.08	5.65	6	6.21
3.47	4.03	5.04	5.6	5.94	6.15
3.58	4.16	5.19	5.74	6.08	6.28
3.55	4.15	5.2	5.74	6.09	6.3
3.56	4.21	5.21	5.79	6.14	6.35
3.62	4.26	5.29	5.82	6.16	6.38
3.61	4.23	5.25	5.77	6.12	6.32
3.63	4.28	5.31	5.84	6.17	6.38
3.61	4.29	5.33	5.84	6.17	6.38
3.57	4.3	5.36	5.9	6.28	6.48
3.58	4.28	5.34	5.89	6.25	6.46
3.66	4.32	5.39	5.94	6.3	6.5
3.66	4.32	5.38	5.91	6.25	6.47
3.61	4.28	5.34	5.86	6.18	6.4
3.55	4.28	5.34	5.88	6.19	6.4
3.57	4.35	5.42	5.97	6.3	6.49
3.7	4.41	5.49	6.03	6.36	6.55
3.6	4.33	5.38	5.92	6.24	6.44
3.54	4.32	5.38	5.92	6.22	6.44
3.53	4.37	5.5	6.05	6.39	6.58
3.57	4.38	5.52	6.08	6.42	6.61
3.57	4.41	5.55	6.1	6.43	6.63
3.59	4.46	5.62	6.19	6.52	6.71
3.57	4.45	5.65	6.24	6.59	6.78
3.56	4.5	5.66	6.23	6.59	6.77
3.82	4.83	6.06	6.64	7.01	7.16
3.75	4.72	5.93	6.47	6.79	6.97
3.67	4.67	5.88	6.42	6.76	6.93
3.61	4.64	5.84	6.38	6.72	6.86
3.65	4.68	5.91	6.46	6.79	6.94
3.68	4.69	5.9	6.46	6.78	6.92
3.64	4.66	5.84	6.4	6.72	6.87
3.64	4.69	5.91	6.47	6.79	6.93
3.66	4.72	5.94	6.51	6.82	6.97
3.68	4.73	5.95	6.5	6.79	6.97
3.84	4.91	6.15	6.7	6.99	7.14
3.83	4.92	6.14	6.68	6.92	7.1
3.83	4.91	6.1	6.62	6.88	7.05
3.83	4.87	6	6.49	6.71	6.91
3.84	4.9	6.04	6.53	6.73	6.93
3.94	4.91	6.01	6.48	6.68	6.86
3.97	4.93	5.99	6.46	6.66	6.86
3.98	5.05	6.14	6.65	6.86	7.04
3.97	5.07	6.16	6.64	6.88	7.06
4.1	5.12	6.2	6.69	6.93	7.09
4.12	5.19	6.26	6.73	6.96	7.13
4.15	5.22	6.28	6.74	6.97	7.14
4.13	5.21	6.25	6.7	6.94	7.11
4.3	5.4	6.5	6.95	7.19	7.35
4.44	5.55	6.64	7.09	7.33	7.49
4.35	5.48	6.52	6.93	7.14	7.33
4.32	5.52	6.59	7.02	7.26	7.4
4.24	5.48	6.53	6.97	7.22	7.36
4.24	5.41	6.43	6.89	7.14	7.29
4.31	5.41	6.4	6.85	7.08	7.24
4.3	5.29	6.23	6.66	6.85	7.03
4.29	5.21	6.18	6.61	6.85	7.03
4.24	5.12	6.07	6.52	6.76	6.96
4.26	5.14	6.14	6.59	6.82	7.02
4.35	5.28	6.3	6.76	6.99	7.19
4.32	5.28	6.28	6.75	6.96	7.17
4.28	5.28	6.31	6.74	6.93	7.14
4.27	5.28	6.27	6.69	6.9	7.09
4.3	5.35	6.32	6.73	6.92	7.12
4.31	5.38	6.36	6.77	6.99	7.17
4.28	5.36	6.33	6.74	6.95	7.12
4.24	5.29	6.28	6.68	6.89	7.07
4.23	5.22	6.19	6.59	6.78	6.98
4.25	5.15	6.1	6.49	6.7	6.91
4.22	5.16	6.14	6.53	6.75	6.95
4.21	5.13	6.11	6.53	6.75	6.96
4.23	5.15	6.13	6.54	6.76	6.98
4.22	5.2	6.17	6.6	6.82	7.03
4.24	5.22	6.25	6.66	6.87	7.07
4.21	5.14	6.15	6.58	6.79	7
4.23	5.19	6.23	6.67	6.88	7.1
4.22	5.15	6.19	6.65	6.86	7.07
4.23	5.2	6.24	6.71	6.93	7.14
4.28	5.24	6.28	6.74	6.96	7.16
4.3	5.31	6.37	6.82	7.02	7.22
4.28	5.28	6.31	6.75	6.94	7.13
4.26	5.29	6.26	6.7	6.9	7.1
4.28	5.37	6.38	6.81	7.05	7.22
4.28	5.37	6.36	6.79	7	7.18
4.28	5.48	6.46	6.88	7.09	7.26
4.25	5.47	6.45	6.87	7.08	7.24
4.26	5.51	6.52	6.97	7.18	7.34
4.32	5.5	6.53	6.95	7.19	7.34
4.42	5.48	6.48	6.93	7.17	7.31
4.39	5.46	6.47	6.92	7.16	7.32
4.36	5.45	6.44	6.89	7.13	7.3
4.49	5.58	6.59	7.04	7.27	7.42
4.61	5.61	6.65	7.09	7.33	7.47
4.56	5.55	6.6	7.03	7.26	7.43
4.52	5.52	6.58	7.02	7.23	7.41
4.41	5.38	6.42	6.85	7.06	7.25
4.38	5.37	6.41	6.84	7.06	7.25
4.4	5.34	6.35	6.79	7.01	7.2
4.37	5.3	6.28	6.73	6.95	7.15
4.41	5.4	6.39	6.84	7.06	7.25
4.44	5.5	6.45	6.89	7.09	7.27
4.5	5.53	6.49	6.92	7.1	7.29
4.53	5.53	6.49	6.9	7.1	7.27
4.52	5.53	6.49	6.9	7.09	7.28
4.57	5.57	6.55	6.99	7.18	7.34
4.54	5.56	6.53	6.94	7.13	7.29
4.39	5.37	6.33	6.73	6.92	7.12
4.45	5.4	6.35	6.75	6.94	7.13
4.44	5.35	6.32	6.73	6.91	7.11
4.44	5.34	6.29	6.7	6.91	7.09
4.43	5.36	6.31	6.72	6.93	7.12
4.59	5.59	6.55	6.93	7.11	7.28
4.59	5.6	6.56	6.93	7.11	7.28
4.56	5.62	6.61	6.97	7.14	7.33
4.49	5.58	6.57	6.95	7.14	7.3
4.46	5.62	6.61	7	7.18	7.36
4.51	5.6	6.57	6.94	7.12	7.27
4.72	5.64	6.58	6.96	7.14	7.3
4.74	5.62	6.52	6.86	7.02	7.19
4.69	5.56	6.45	6.81	6.99	7.15
4.71	5.68	6.56	6.93	7.12	7.28
4.69	5.64	6.55	6.92	7.1	7.27
4.73	5.66	6.59	6.97	7.14	7.31
4.69	5.63	6.55	6.94	7.12	7.28
4.66	5.57	6.47	6.87	7.04	7.22
4.68	5.59	6.53	6.93	7.12	7.29
4.68	5.58	6.48	6.87	7.07	7.24
4.73	5.58	6.48	6.87	7.05	7.24
4.71	5.56	6.46	6.83	7.03	7.2
4.68	5.56	6.44	6.81	7	7.19
4.67	5.56	6.44	6.81	7.01	7.19
4.67	5.55	6.45	6.82	7.01	7.21
4.69	5.58	6.5	6.88	7.08	7.27
4.66	5.6	6.51	6.92	7.11	7.29
4.67	5.59	6.51	6.92	7.1	7.3
4.7	5.7	6.66	7.06	7.26	7.44
4.75	5.72	6.67	7.08	7.27	7.46
4.72	5.7	6.65	7.05	7.26	7.44
4.7	5.68	6.63	7.02	7.23	7.41
4.7	5.69	6.58	6.97	7.19	7.35
4.73	5.79	6.72	7.13	7.34	7.52
4.72	5.78	6.71	7.11	7.32	7.49
4.74	5.82	6.75	7.15	7.37	7.53
4.92	5.9	6.81	7.2	7.4	7.56
4.92	5.88	6.8	7.2	7.39	7.56
4.91	5.89	6.83	7.2	7.4	7.57
4.92	5.91	6.83	7.21	7.41	7.57
4.83	5.89	6.83	7.24	7.44	7.61
4.66	5.88	6.83	7.21	7.42	7.57
4.7	5.95	6.92	7.29	7.48	7.64
4.8	5.96	6.92	7.28	7.46	7.62
5.05	6.06	7.01	7.35	7.52	7.66
5.09	6.06	7.01	7.37	7.55	7.7
5.09	6.1	7.05	7.42	7.61	7.77
5.11	6.1	7.06	7.43	7.62	7.78
5.02	6.01	6.97	7.34	7.54	7.7
5.06	6.01	6.95	7.3	7.48	7.65
5.12	6.05	6.99	7.34	7.52	7.69
5.05	6.07	6.96	7.3	7.48	7.64
5	6.01	6.91	7.26	7.45	7.61
5.04	6.04	6.92	7.28	7.47	7.62
5.04	6.04	6.92	7.29	7.47	7.64
5.05	6.07	6.99	7.34	7.52	7.68
5.14	6.18	7.1	7.46	7.63	7.8
5.15	6.19	7.11	7.46	7.63	7.81
5.22	6.24	7.17	7.52	7.68	7.86
5.2	6.25	7.18	7.54	7.72	7.88
5.13	6.23	7.17	7.55	7.72	7.88
5.12	6.23	7.16	7.55	7.72	7.88
5.16	6.17	7.1	7.48	7.65	7.82
5.2	6.18	7.1	7.48	7.65	7.81
5.22	6.25	7.21	7.58	7.75	7.91
5.23	6.28	7.25	7.63	7.79	7.96
5.25	6.31	7.28	7.65	7.8	7.96
5.33	6.39	7.37	7.72	7.88	8.04
5.42	6.42	7.39	7.73	7.89	8.05
5.37	6.39	7.39	7.69	7.85	8.01
5.34	6.37	7.35	7.64	7.79	7.94
5.38	6.5	7.4	7.69	7.84	7.98
5.46	6.49	7.37	7.66	7.8	7.94
5.53	6.55	7.41	7.69	7.78	7.92
5.52	6.59	7.45	7.73	7.86	7.97
5.51	6.62	7.52	7.79	7.9	8.03
5.5	6.64	7.52	7.79	7.91	8.01
5.53	6.68	7.57	7.83	7.92	8.03
5.49	6.67	7.56	7.82	7.9	8
5.44	6.57	7.43	7.64	7.71	7.81
5.45	6.58	7.44	7.65	7.71	7.8
5.6	6.74	7.59	7.77	7.8	7.88
5.69	6.85	7.68	7.86	7.88	7.95
5.72	6.91	7.62	7.79	7.84	7.91
5.71	6.94	7.63	7.8	7.87	7.92
5.79	7.01	7.59	7.71	7.77	7.81
6.03	7.15	7.67	7.78	7.8	7.83
5.94	7.01	7.57	7.65	7.7	7.73
5.82	7.01	7.62	7.74	7.78	7.81
5.83	7.17	7.67	7.77	7.77	7.79
5.82	7.15	7.67	7.74	7.77	7.79
5.93	7.24	7.77	7.82	7.84	7.85
5.95	7.32	7.8	7.84	7.84	7.83
5.84	7.2	7.69	7.74	7.8	7.8
5.7	7.09	7.66	7.73	7.79	7.79
5.71	7.14	7.71	7.76	7.8	7.81
5.75	7.13	7.72	7.77	7.8	7.81
5.63	7.06	7.68	7.76	7.8	7.81
5.56	7.04	7.68	7.75	7.8	7.8
5.61	7.17	7.81	7.83	7.83	7.84
5.68	7.2	7.82	7.86	7.86	7.85
5.74	7.18	7.76	7.78	7.77	7.76
5.68	7.25	7.78	7.81	7.79	7.8
5.66	7.2	7.8	7.83	7.82	7.82
5.68	7.2	7.8	7.83	7.84	7.84
5.95	7.23	7.84	7.88	7.91	7.88
5.85	7.15	7.75	7.81	7.82	7.82
5.88	7.32	7.83	7.87	7.89	7.88
5.9	7.26	7.81	7.87	7.89	7.87
6	7.27	7.84	7.9	7.92	7.89
5.91	7.21	7.78	7.85	7.87	7.84
5.79	7.13	7.73	7.8	7.82	7.79
5.78	7.08	7.73	7.8	7.84	7.8
5.72	6.89	7.55	7.64	7.71	7.69
5.89	6.99	7.6	7.68	7.72	7.7
5.87	7.03	7.64	7.71	7.72	7.71
5.87	7.03	7.65	7.74	7.76	7.74
5.91	7.04	7.7	7.8	7.84	7.82
5.97	7.02	7.69	7.8	7.86	7.83
5.98	7.04	7.71	7.82	7.87	7.86
5.94	6.96	7.61	7.76	7.81	7.8
5.94	6.9	7.54	7.7	7.75	7.76
5.92	6.82	7.46	7.6	7.63	7.66
5.96	6.8	7.4	7.55	7.62	7.65
6	6.84	7.39	7.54	7.58	7.6
6.07	6.97	7.44	7.56	7.65	7.66
6.02	7.01	7.53	7.63	7.67	7.68
5.96	6.77	7.3	7.4	7.44	7.49
5.98	6.79	7.35	7.43	7.49	7.53
5.98	6.78	7.36	7.44	7.49	7.52
5.94	6.74	7.34	7.43	7.5	7.53
5.95	6.79	7.43	7.5	7.54	7.58
5.97	6.85	7.47	7.55	7.61	7.62
5.98	6.85	7.45	7.54	7.6	7.61
5.96	6.77	7.34	7.45	7.5	7.51
5.94	6.68	7.24	7.37	7.43	7.45
5.85	6.58	7.16	7.29	7.39	7.4
5.86	6.62	7.2	7.33	7.41	7.43
5.92	6.66	7.22	7.35	7.42	7.44
5.85	6.49	7.04	7.2	7.29	7.34
5.88	6.52	7.03	7.2	7.3	7.34
5.88	6.5	7	7.16	7.3	7.33
5.92	6.43	6.9	7.06	7.19	7.24
5.94	6.44	6.9	7.06	7.15	7.22
5.94	6.44	6.92	7.06	7.17	7.23
5.93	6.53	7	7.15	7.23	7.3
5.91	6.53	7.03	7.19	7.29	7.36
5.94	6.59	7.1	7.24	7.36	7.41
5.96	6.6	7.12	7.28	7.37	7.44
5.95	6.56	7.05	7.2	7.29	7.36
5.91	6.47	6.97	7.11	7.22	7.3
5.96	6.49	6.94	7.07	7.15	7.23
5.94	6.44	6.88	7.01	7.1	7.19
5.93	6.39	6.8	6.93	7	7.09
5.92	6.41	6.8	6.93	7.01	7.09
5.92	6.35	6.76	6.89	6.98	7.05
5.92	6.37	6.81	6.97	7.06	7.12
5.93	6.37	6.81	6.98	7.07	7.12
5.92	6.38	6.84	7.01	7.1	7.16
5.91	6.4	6.87	7.05	7.16	7.21
5.89	6.38	6.87	7.06	7.15	7.21
5.85	6.31	6.75	6.93	7.04	7.09
5.82	6.27	6.72	6.9	7	7.05
5.89	6.38	6.85	7.02	7.1	7.16
5.84	6.35	6.83	6.98	7.12	7.16
5.88	6.43	6.88	7.05	7.14	7.18
5.88	6.49	6.92	7.08	7.17	7.2
5.94	6.45	6.86	7	7.08	7.14
5.91	6.4	6.82	6.96	7.02	7.12
5.88	6.38	6.81	6.97	7.05	7.12
5.85	6.33	6.77	6.92	7.01	7.09
5.86	6.33	6.76	6.93	7.03	7.11
5.85	6.33	6.77	6.94	7.03	7.12
5.84	6.31	6.76	6.92	7	7.09
5.82	6.28	6.72	6.89	6.98	7.06
5.75	6.19	6.64	6.82	6.91	7.03
5.8	6.19	6.6	6.8	6.91	7.04
5.79	6.17	6.56	6.77	6.9	7.04
5.8	6.2	6.62	6.82	6.93	7.06
5.77	6.15	6.56	6.76	6.87	7.02
5.79	6.15	6.55	6.77	6.87	7.01
5.83	6.17	6.58	6.77	6.86	7.01
5.85	6.19	6.61	6.79	6.87	7.01
5.85	6.21	6.62	6.79	6.88	7.01
5.87	6.3	6.67	6.84	6.92	7.04
5.87	6.32	6.72	6.88	6.95	7.07
5.91	6.32	6.75	6.9	6.96	7.09
5.89	6.26	6.67	6.83	6.92	7.04
5.84	6.16	6.56	6.73	6.82	6.96
5.78	6.1	6.46	6.63	6.72	6.85
5.74	5.96	6.27	6.42	6.55	6.69
5.81	6.01	6.3	6.44	6.55	6.7
5.81	5.96	6.19	6.33	6.44	6.61
5.82	5.96	6.23	6.39	6.5	6.66
5.84	6.02	6.3	6.45	6.54	6.68
5.87	6.03	6.31	6.46	6.55	6.67
5.88	5.99	6.26	6.41	6.49	6.62
5.87	5.96	6.22	6.36	6.43	6.57
5.86	5.95	6.21	6.35	6.4	6.53
5.87	6.01	6.28	6.44	6.5	6.61
5.87	6.01	6.28	6.43	6.5	6.61
5.91	6.03	6.3	6.46	6.51	6.63
5.91	5.97	6.22	6.37	6.46	6.57
5.87	5.86	6.08	6.2	6.32	6.44
5.84	5.89	6.06	6.18	6.27	6.39
5.84	5.87	6.05	6.18	6.28	6.4
5.81	5.83	5.96	6.08	6.18	6.3
5.81	5.8	5.95	6.08	6.18	6.3
5.67	5.68	5.78	5.94	6.04	6.2
5.58	5.51	5.64	5.8	5.92	6.1
5.68	5.52	5.63	5.79	5.92	6.08
5.69	5.56	5.67	5.83	5.94	6.08
5.74	5.71	5.84	5.95	6.06	6.2
5.76	5.78	5.91	6.02	6.12	6.22
5.77	5.89	6.08	6.21	6.31	6.4
5.73	5.83	6.04	6.16	6.27	6.37
5.61	5.57	5.73	5.88	6.01	6.14
5.61	5.6	5.74	5.88	6.01	6.15
5.65	5.65	5.81	5.93	6.07	6.18
5.66	5.66	5.83	5.96	6.09	6.21
5.63	5.59	5.74	5.87	6.01	6.13
5.65	5.64	5.8	5.92	6.05	6.16
5.6	5.62	5.76	5.89	6.02	6.13
5.54	5.53	5.67	5.8	5.92	6.04
5.54	5.56	5.69	5.83	5.94	6.06
5.52	5.6	5.76	5.9	6.01	6.11
5.59	5.64	5.8	5.94	6.04	6.15
5.57	5.58	5.76	5.88	5.99	6.1
5.67	5.76	5.95	6.07	6.18	6.28
5.6	5.65	5.88	5.98	6.12	6.21
5.68	5.63	5.87	5.97	6.16	6.21
5.68	5.62	5.84	5.95	6.12	6.19
5.53	5.43	5.64	5.75	5.97	6.05
5.54	5.42	5.61	5.74	5.94	6.04
5.53	5.43	5.63	5.74	5.93	6.04
5.56	5.47	5.69	5.8	5.99	6.09
5.55	5.44	5.7	5.8	6	6.1
5.55	5.46	5.7	5.8	6	6.09
5.59	5.53	5.78	5.89	6.07	6.15
5.63	5.55	5.86	5.97	6.15	6.22
5.61	5.57	5.88	6.01	6.21	6.25
5.58	5.6	5.99	6.15	6.37	6.43
5.6	5.71	6.02	6.15	6.37	6.43
5.61	5.75	6.11	6.26	6.4	6.53
5.61	5.75	6.08	6.2	6.4	6.46
5.62	5.75	6.07	6.19	6.37	6.43
5.63	5.75	6.1	6.24	6.42	6.48
5.58	5.66	6.03	6.18	6.36	6.43
5.58	5.69	6.09	6.22	6.4	6.49
5.6	5.67	6.02	6.16	6.35	6.45
5.61	5.71	6.08	6.22	6.4	6.5
5.59	5.66	6.03	6.15	6.34	6.44
5.59	5.7	6.09	6.24	6.42	6.53
5.58	5.68	6.06	6.2	6.39	6.5
5.57	5.67	6.03	6.18	6.37	6.48
5.55	5.68	6.01	6.17	6.36	6.47
5.56	5.69	6.05	6.21	6.4	6.47
5.57	5.7	6.07	6.25	6.43	6.51
5.59	5.8	6.19	6.37	6.54	6.59
5.6	5.81	6.19	6.36	6.54	6.59
5.62	5.86	6.21	6.37	6.52	6.57
5.6	5.84	6.18	6.32	6.49	6.54
5.61	5.89	6.24	6.37	6.52	6.57
5.61	5.88	6.24	6.36	6.51	6.57
5.62	5.84	6.18	6.31	6.47	6.54
5.63	5.88	6.21	6.35	6.51	6.57
5.6	5.87	6.24	6.37	6.53	6.6
5.52	5.77	6.12	6.26	6.42	6.5
5.5	5.7	6.01	6.13	6.3	6.38
5.48	5.66	5.97	6.1	6.26	6.34
5.5	5.71	6.03	6.15	6.29	6.36
5.46	5.66	5.98	6.1	6.25	6.33
5.45	5.65	5.95	6.07	6.21	6.28
5.45	5.6	5.89	6	6.14	6.22
5.49	5.6	5.85	5.96	6.09	6.18
5.48	5.6	5.84	5.95	6.1	6.17
5.5	5.65	5.89	6	6.14	6.21
5.52	5.67	5.95	6.04	6.17	6.24
5.5	5.67	5.93	6.05	6.15	6.24
5.47	5.61	5.84	5.96	6.09	6.16
5.47	5.63	5.88	5.99	6.12	6.18
5.44	5.51	5.76	5.87	6.01	6.08
5.46	5.55	5.8	5.91	6.05	6.11
5.41	5.56	5.86	5.97	6.11	6.17
5.36	5.54	5.83	5.94	6.08	6.14
5.34	5.52	5.81	5.92	6.05	6.1
5.4	5.62	5.91	6.03	6.15	6.21
5.35	5.63	5.93	6.06	6.19	6.25
5.33	5.65	5.95	6.08	6.2	6.26
5.45	5.71	5.98	6.11	6.21	6.28
5.42	5.7	6.01	6.08	6.25	6.3
5.44	5.73	6	6.1	6.22	6.28
5.4	5.65	5.91	6.01	6.11	6.17
5.53	5.65	5.89	5.98	6.1	6.15
5.51	5.63	5.87	5.96	6.07	6.13
5.47	5.6	5.82	5.91	6.04	6.12
5.44	5.59	5.8	5.88	6	6.06
5.47	5.59	5.81	5.89	6	6.06
5.47	5.61	5.81	5.91	6	6.07
5.47	5.61	5.82	5.91	6.02	6.09
5.46	5.61	5.8	5.88	5.99	6.07
5.45	5.58	5.72	5.8	5.88	5.97
5.49	5.59	5.73	5.8	5.89	5.97
5.43	5.57	5.71	5.8	5.89	5.97
5.41	5.58	5.74	5.83	5.92	5.99
5.41	5.58	5.73	5.83	5.92	5.98
5.43	5.62	5.79	5.9	5.99	6.04
5.38	5.65	5.82	5.92	6.01	6.07
5.38	5.6	5.76	5.85	5.95	6.02
5.39	5.56	5.72	5.8	5.9	6
5.38	5.52	5.72	5.81	5.93	6.06
5.41	5.56	5.73	5.83	5.95	6.05
5.47	5.55	5.72	5.82	5.94	6.04
5.48	5.55	5.7	5.81	5.92	6.03
5.48	5.46	5.62	5.74	5.86	5.98
5.47	5.41	5.56	5.68	5.8	5.92
5.47	5.43	5.58	5.7	5.82	5.94
5.52	5.46	5.62	5.73	5.84	5.96
5.53	5.48	5.65	5.77	5.88	5.99
5.52	5.41	5.58	5.69	5.8	5.92
5.55	5.43	5.59	5.72	5.85	5.97
5.58	5.47	5.64	5.76	5.89	6
5.59	5.44	5.61	5.72	5.85	5.98
5.55	5.43	5.58	5.71	5.85	5.97
5.56	5.47	5.63	5.77	5.9	6
5.52	5.42	5.56	5.68	5.83	5.93
5.51	5.4	5.54	5.66	5.81	5.92
5.5	5.41	5.53	5.66	5.82	5.93
5.52	5.45	5.56	5.7	5.85	5.92
5.52	5.46	5.58	5.72	5.85	5.93
5.48	5.43	5.56	5.7	5.84	5.91
5.5	5.41	5.53	5.67	5.81	5.88
5.53	5.44	5.54	5.67	5.8	5.88
5.5	5.42	5.49	5.6	5.8	5.85
5.48	5.36	5.41	5.53	5.68	5.76
5.45	5.33	5.37	5.49	5.63	5.71
5.46	5.32	5.33	5.43	5.54	5.63
5.47	5.33	5.34	5.45	5.57	5.65
5.48	5.34	5.38	5.49	5.59	5.67
5.5	5.35	5.42	5.54	5.65	5.72
5.5	5.39	5.45	5.56	5.67	5.73
5.45	5.35	5.41	5.53	5.65	5.71
5.41	5.36	5.42	5.55	5.65	5.72
5.42	5.37	5.45	5.56	5.66	5.74
5.42	5.35	5.42	5.55	5.66	5.74
5.35	5.32	5.41	5.55	5.66	5.75
5.32	5.38	5.51	5.66	5.77	5.85
5.24	5.28	5.45	5.58	5.71	5.81
5.15	5.27	5.42	5.55	5.67	5.76
5.05	5.29	5.41	5.53	5.68	5.77
5.04	5.26	5.37	5.5	5.62	5.71
5.05	5.26	5.34	5.48	5.62	5.69
5.04	5.23	5.31	5.46	5.58	5.66
4.98	5.18	5.27	5.43	5.56	5.63
5.1	5.18	5.25	5.38	5.49	5.58
5.2	5.17	5.26	5.39	5.51	5.6
5.2	5.16	5.21	5.36	5.49	5.58
5.19	5.19	5.26	5.39	5.55	5.65
5.19	5.19	5.29	5.42	5.59	5.69
5.18	5.19	5.27	5.41	5.56	5.68
5.18	5.16	5.27	5.41	5.58	5.7
5.19	5.19	5.33	5.5	5.67	5.8
5.19	5.16	5.31	5.47	5.67	5.78
5.18	5.14	5.26	5.4	5.64	5.75
5.14	5.06	5.19	5.37	5.55	5.66
5.14	5.04	5.14	5.29	5.46	5.58
5.11	5.01	5.09	5.25	5.42	5.53
5.1	5.02	5.1	5.27	5.43	5.54
5.14	5.06	5.17	5.34	5.5	5.61
5.12	5.06	5.18	5.37	5.55	5.66
5.12	5.03	5.16	5.3	5.5	5.62
5.12	5.06	5.23	5.41	5.58	5.7
5.11	5.02	5.18	5.34	5.54	5.65
5.17	5.05	5.21	5.37	5.56	5.69
5.14	4.98	5.13	5.3	5.51	5.63
5.05	4.9	5.06	5.25	5.46	5.6
5.03	4.88	5.05	5.24	5.47	5.63
4.99	4.85	5.04	5.24	5.49	5.66
5	4.88	5.09	5.3	5.54	5.7
4.98	4.87	5.03	5.28	5.5	5.68
4.94	4.86	5.03	5.27	5.51	5.66
4.92	4.84	5.01	5.27	5.51	5.66
4.93	4.82	4.98	5.25	5.49	5.66
4.93	4.8	4.94	5.17	5.42	5.61
4.93	4.79	4.89	5.14	5.39	5.58
4.94	4.8	4.91	5.17	5.43	5.62
4.92	4.84	4.95	5.23	5.5	5.7
4.89	4.84	5.01	5.29	5.58	5.76
4.99	5.09	5.3	5.53	5.83	6.01
4.96	5.05	5.3	5.56	5.81	5.98
4.95	4.99	5.23	5.47	5.76	5.92
4.97	5.02	5.29	5.53	5.82	5.97
4.98	5.05	5.33	5.56	5.85	6.01
5.01	5.12	5.41	5.63	5.9	6.06
5.01	5.22	5.51	5.73	5.97	6.11
5.02	5.23	5.56	5.73	5.99	6.13
4.98	5.07	5.4	5.6	5.86	5.99
5.02	5.02	5.32	5.52	5.78	5.92
5.02	5.07	5.4	5.6	5.84	5.96
5.03	5.13	5.48	5.68	5.93	6.05
5.03	5.14	5.53	5.71	5.96	6.07
5.01	5.39	5.88	6.05	6.28	6.41
5.09	5.38	5.86	6	6.24	6.33
5.09	5.41	5.92	6.04	6.28	6.36
5.09	5.39	5.86	6.03	6.28	6.35
5.11	5.38	5.84	6.03	6.28	6.36
5.14	5.51	6.01	6.19	6.4	6.46
5.17	5.51	6.02	6.16	6.38	6.43
5.19	5.47	5.99	6.15	6.35	6.41
5.16	5.41	5.86	6.05	6.26	6.34
5.07	5.4	5.82	6.01	6.23	6.28
5.1	5.41	5.85	6.05	6.26	6.32
5.13	5.38	5.81	6	6.2	6.26
5.13	5.38	5.82	6	6.19	6.25
5.17	5.45	5.93	6.12	6.3	6.34
5.19	5.48	5.99	6.2	6.38	6.41
5.13	5.41	5.91	6.1	6.3	6.34
5.2	5.41	5.91	6.09	6.28	6.31
5.16	5.44	5.86	6.02	6.23	6.25
5.15	5.46	5.89	6.06	6.26	6.27
5.11	5.48	5.95	6.12	6.32	6.33
5.16	5.67	6.27	6.46	6.62	6.63
5.1	5.6	6.21	6.37	6.56	6.56
5.08	5.64	6.24	6.44	6.63	6.63
5.08	5.65	6.33	6.5	6.68	6.68
5.07	5.53	6.12	6.31	6.49	6.52
4.97	5.47	6.07	6.27	6.46	6.47
4.95	5.48	6.06	6.28	6.46	6.48
4.96	5.53	6.12	6.33	6.49	6.52
4.98	5.56	6.18	6.39	6.56	6.58
5.01	5.5	6.1	6.32	6.48	6.53
5.09	5.48	6.06	6.28	6.44	6.48
5.1	5.48	6.1	6.31	6.47	6.52
5.13	5.51	6.13	6.34	6.51	6.57
5.09	5.57	6.15	6.31	6.49	6.56
5.11	5.55	6.08	6.29	6.47	6.54
5.14	5.57	6.13	6.33	6.51	6.59
5.14	5.62	6.19	6.4	6.58	6.66
5.11	5.6	6.19	6.39	6.58	6.68
5.13	5.69	6.34	6.56	6.75	6.85
5.14	5.69	6.37	6.61	6.81	6.9
5.14	5.66	6.34	6.57	6.77	6.86
5.14	5.71	6.38	6.6	6.8	6.87
5.13	5.66	6.35	6.56	6.74	6.78
5.13	5.68	6.35	6.57	6.76	6.84
5.13	5.62	6.23	6.45	6.65	6.75
5.16	5.62	6.25	6.45	6.64	6.72
5.14	5.58	6.19	6.4	6.58	6.66
5.13	5.58	6.18	6.39	6.56	6.65
5.15	5.6	6.25	6.45	6.63	6.7
5.15	5.58	6.2	6.41	6.58	6.65
5.17	5.56	6.18	6.38	6.54	6.62
5.18	5.57	6.19	6.41	6.58	6.65
5.18	5.56	6.19	6.38	6.55	6.63
5.18	5.63	6.23	6.44	6.6	6.68
5.18	5.61	6.2	6.42	6.58	6.65
5.17	5.63	6.23	6.44	6.58	6.67
5.18	5.7	6.33	6.56	6.69	6.77
5.18	5.71	6.36	6.55	6.7	6.78
5.18	5.77	6.44	6.64	6.78	6.85
5.23	5.78	6.43	6.64	6.8	6.87
5.2	5.78	6.44	6.62	6.78	6.86
5.22	5.76	6.43	6.6	6.75	6.82
5.21	5.71	6.32	6.52	6.67	6.76
5.26	5.86	6.56	6.75	6.87	6.93
5.29	5.88	6.58	6.77	6.91	6.97
5.27	5.87	6.56	6.77	6.94	6.99
5.26	5.88	6.59	6.81	6.99	7.03
5.24	5.85	6.56	6.8	6.95	7.01
5.21	5.8	6.49	6.72	6.87	6.95
5.19	5.78	6.47	6.68	6.82	6.9
5.21	5.78	6.48	6.71	6.87	6.93
5.23	5.81	6.5	6.74	6.89	6.96
5.26	5.87	6.55	6.77	6.89	6.98
5.26	5.84	6.52	6.74	6.87	6.96
5.23	5.83	6.52	6.72	6.86	6.94
5.24	5.82	6.5	6.7	6.82	6.91
5.24	5.83	6.49	6.67	6.8	6.91
5.2	5.77	6.41	6.59	6.72	6.83
5.18	5.7	6.3	6.47	6.61	6.73
5.27	5.74	6.33	6.49	6.61	6.74
5.32	5.8	6.4	6.56	6.67	6.8
5.24	5.75	6.36	6.53	6.67	6.78
5.31	5.97	6.62	6.82	6.95	7.06
5.35	5.98	6.62	6.81	6.95	7.05
5.34	5.95	6.61	6.78	6.92	7
5.29	5.89	6.52	6.71	6.85	6.95
5.26	5.85	6.47	6.67	6.81	6.9
5.28	5.84	6.45	6.65	6.76	6.85
5.32	5.86	6.5	6.67	6.79	6.89
5.27	5.77	6.42	6.61	6.74	6.84
5.26	5.79	6.43	6.61	6.75	6.83
5.25	5.79	6.32	6.5	6.61	6.72
5.28	5.81	6.35	6.55	6.67	6.78
5.3	5.86	6.43	6.62	6.73	6.84
5.3	5.85	6.42	6.6	6.7	6.8
5.31	5.86	6.46	6.63	6.76	6.87
5.29	5.85	6.46	6.65	6.74	6.87
5.29	5.85	6.45	6.62	6.74	6.85
5.37	5.93	6.5	6.69	6.81	6.93
5.34	5.88	6.47	6.65	6.77	6.89
5.32	5.85	6.39	6.57	6.68	6.8
5.25	5.74	6.25	6.41	6.52	6.65
5.21	5.6	6.09	6.26	6.38	6.51
5.2	5.6	6.1	6.28	6.4	6.53
5.19	5.61	6.13	6.29	6.42	6.54
5.18	5.62	6.14	6.3	6.43	6.55
5.15	5.62	6.14	6.29	6.43	6.56
5.15	5.57	6.09	6.25	6.37	6.5
5.18	5.58	6.08	6.24	6.37	6.49
5.17	5.63	6.14	6.32	6.44	6.57
5.16	5.61	6.14	6.33	6.46	6.58
5.19	5.66	6.17	6.37	6.49	6.62
5.18	5.61	6.13	6.31	6.43	6.56
5.2	5.64	6.15	6.34	6.47	6.59
5.18	5.62	6.14	6.34	6.47	6.59
5.14	5.62	6.15	6.35	6.49	6.61
5.14	5.62	6.18	6.38	6.51	6.62
5.15	5.69	6.27	6.48	6.61	6.72
5.21	5.77	6.37	6.57	6.69	6.8
5.2	5.76	6.36	6.55	6.67	6.78
5.2	5.77	6.36	6.56	6.68	6.79
5.24	5.82	6.42	6.61	6.74	6.86
5.29	5.91	6.54	6.73	6.86	6.96
5.32	5.94	6.54	6.71	6.83	6.92
5.32	5.97	6.56	6.74	6.85	6.94
5.34	5.98	6.56	6.76	6.88	6.98
5.33	5.92	6.52	6.72	6.84	6.94
5.29	5.91	6.47	6.67	6.8	6.9
5.29	5.93	6.52	6.7	6.84	6.94
5.31	5.94	6.51	6.7	6.84	6.94
5.28	5.9	6.44	6.64	6.79	6.88
5.21	5.74	6.29	6.48	6.64	6.74
5.2	5.74	6.31	6.49	6.63	6.73
5.31	5.83	6.39	6.57	6.71	6.81
5.28	5.84	6.43	6.61	6.73	6.83
5.25	5.85	6.46	6.65	6.77	6.87
5.29	5.85	6.43	6.62	6.75	6.85
5.31	5.85	6.4	6.6	6.73	6.83
5.17	5.73	6.32	6.52	6.67	6.77
5.07	5.7	6.25	6.46	6.59	6.71
5	5.65	6.22	6.41	6.54	6.66
5.04	5.68	6.25	6.43	6.57	6.68
5.14	5.71	6.28	6.46	6.6	6.72
5.1	5.65	6.22	6.39	6.54	6.65
5.03	5.61	6.15	6.35	6.49	6.61
5.04	5.61	6.16	6.35	6.49	6.61
5.01	5.47	6	6.2	6.36	6.48
5.11	5.53	6.06	6.25	6.41	6.53
5.12	5.53	6.06	6.26	6.42	6.53
5.12	5.56	6.11	6.31	6.46	6.55
5.15	5.66	6.17	6.37	6.51	6.61
5.13	5.57	6.09	6.29	6.46	6.55
5.17	5.58	6.1	6.3	6.46	6.56
5.14	5.58	6.12	6.31	6.46	6.57
5.12	5.52	6.06	6.25	6.4	6.51
5.12	5.52	6.05	6.25	6.39	6.5
5.14	5.55	6.07	6.27	6.41	6.52
5.16	5.57	6.12	6.31	6.45	6.56
5.13	5.56	6.11	6.31	6.45	6.56
5.14	5.56	6.1	6.29	6.45	6.57
5.14	5.55	6.07	6.26	6.42	6.54
5.19	5.56	6.1	6.29	6.43	6.56
5.14	5.46	5.94	6.12	6.27	6.4
5.14	5.46	5.95	6.12	6.27	6.4
5.17	5.44	5.92	6.1	6.24	6.37
5.17	5.46	5.93	6.11	6.26	6.38
5.19	5.46	5.92	6.1	6.23	6.36
5.17	5.43	5.86	6.03	6.16	6.28
5.17	5.44	5.9	6.05	6.18	6.3
5.16	5.44	5.87	6.01	6.12	6.26
5.18	5.45	5.88	6.04	6.16	6.29
5.18	5.43	5.84	5.98	6.09	6.19
5.17	5.42	5.84	5.99	6.1	6.2
5.17	5.4	5.77	5.93	6.05	6.15
5.16	5.4	5.79	5.96	6.09	6.19
5.18	5.41	5.81	5.97	6.1	6.2
5.17	5.4	5.78	5.94	6.07	6.17
5.17	5.4	5.77	5.92	6.04	6.14
5.18	5.43	5.78	5.94	6.05	6.15
5.18	5.44	5.8	5.94	6.05	6.15
5.18	5.43	5.77	5.92	6.04	6.13
5.16	5.41	5.77	5.91	6.04	6.13
5.15	5.41	5.77	5.91	6.05	6.14
5.13	5.38	5.7	5.84	5.97	6.06
5.08	5.4	5.72	5.85	5.97	6.08
5.05	5.39	5.7	5.84	5.95	6.06
5.03	5.41	5.75	5.89	6.01	6.11
5.04	5.44	5.82	5.99	6.12	6.22
5.03	5.45	5.84	6.02	6.16	6.26
4.96	5.43	5.81	5.97	6.11	6.21
4.96	5.43	5.83	5.99	6.12	6.23
4.96	5.49	5.95	6.14	6.28	6.38
4.97	5.49	5.98	6.14	6.3	6.4
4.92	5.46	5.89	6.06	6.22	6.33
4.97	5.49	5.95	6.13	6.27	6.39
5	5.51	5.99	6.17	6.31	6.42
5.03	5.55	6.04	6.21	6.36	6.46
5.01	5.5	5.97	6.13	6.25	6.36
5.02	5.49	5.95	6.12	6.25	6.35
5.1	5.52	5.97	6.12	6.24	6.34
5.09	5.51	5.98	6.13	6.25	6.36
5.1	5.5	5.98	6.13	6.25	6.35
5.11	5.47	5.93	6.09	6.21	6.3
5.21	5.47	5.95	6.1	6.21	6.31
5.21	5.51	6.04	6.21	6.34	6.43
5.19	5.63	6.13	6.3	6.45	6.54
5.17	5.6	6.11	6.28	6.42	6.52
5.17	5.61	6.12	6.3	6.44	6.54
5.16	5.61	6.14	6.32	6.47	6.57
5.16	5.61	6.17	6.34	6.49	6.6
5.13	5.57	6.1	6.27	6.41	6.52
5.17	5.66	6.21	6.4	6.52	6.63
5.08	5.66	6.22	6.4	6.52	6.63
5.19	5.6	6.12	6.3	6.43	6.53
5.16	5.57	6.12	6.3	6.43	6.53
5.16	5.61	6.15	6.33	6.47	6.57
5.14	5.6	6.14	6.32	6.46	6.56
5.18	5.6	6.12	6.29	6.41	6.52
5.18	5.6	6.15	6.32	6.45	6.56
5.18	5.62	6.19	6.35	6.49	6.6
5.16	5.62	6.21	6.39	6.53	6.64
5.21	5.66	6.25	6.42	6.57	6.69
5.18	5.61	6.19	6.38	6.53	6.64
5.18	5.61	6.19	6.38	6.52	6.63
5.18	5.63	6.16	6.35	6.49	6.61
5.15	5.58	6.08	6.26	6.4	6.53
5.12	5.54	6.03	6.21	6.34	6.47
5.1	5.54	6.02	6.19	6.32	6.45
5.13	5.53	6.04	6.21	6.35	6.47
5.14	5.53	6.05	6.22	6.36	6.49
5.14	5.49	6	6.17	6.32	6.43
5.17	5.5	6	6.16	6.29	6.43
5.14	5.52	6.01	6.18	6.3	6.43
5.16	5.52	6.04	6.19	6.31	6.39
5.13	5.48	5.97	6.12	6.23	6.32
5.1	5.45	5.91	6.07	6.18	6.28
5.12	5.46	5.92	6.08	6.19	6.28
5.11	5.46	5.93	6.1	6.21	6.3
5.1	5.49	5.99	6.17	6.3	6.38
5.09	5.48	5.98	6.16	6.27	6.36
5.16	5.5	6.02	6.19	6.3	6.39
5.13	5.52	6.04	6.2	6.31	6.4
5.22	5.64	6.21	6.37	6.48	6.56
5.22	5.66	6.23	6.4	6.5	6.58
5.22	5.67	6.23	6.39	6.5	6.56
5.24	5.68	6.25	6.41	6.53	6.58
5.25	5.7	6.27	6.44	6.55	6.6
5.21	5.71	6.27	6.43	6.55	6.6
5.23	5.72	6.29	6.45	6.58	6.62
5.22	5.68	6.25	6.39	6.52	6.57
5.2	5.7	6.25	6.4	6.52	6.56
5.18	5.68	6.25	6.4	6.53	6.57
5.21	5.71	6.27	6.43	6.56	6.6
5.26	5.76	6.38	6.55	6.68	6.72
5.24	5.74	6.35	6.53	6.66	6.71
5.25	5.77	6.38	6.55	6.67	6.72
5.25	5.77	6.38	6.56	6.68	6.72
5.29	5.79	6.41	6.58	6.7	6.74
5.34	5.83	6.45	6.61	6.7	6.75
5.41	5.88	6.46	6.61	6.7	6.74
5.4	5.87	6.45	6.58	6.69	6.72
5.44	5.91	6.48	6.63	6.72	6.75
5.35	5.97	6.52	6.66	6.76	6.8
5.37	6.02	6.61	6.76	6.88	6.9
5.35	6.02	6.6	6.77	6.89	6.92
5.32	6	6.58	6.74	6.87	6.9
5.3	5.98	6.58	6.73	6.85	6.88
5.27	5.95	6.55	6.72	6.84	6.86
5.29	5.98	6.61	6.78	6.9	6.92
5.26	5.97	6.57	6.73	6.84	6.87
5.25	5.98	6.61	6.76	6.87	6.91
5.24	5.98	6.6	6.77	6.88	6.91
5.29	5.99	6.61	6.78	6.88	6.91
5.31	6.04	6.69	6.85	6.95	6.98
5.3	6.04	6.7	6.86	6.95	6.98
5.31	5.99	6.62	6.76	6.87	6.88
5.29	5.99	6.64	6.79	6.88	6.9
5.29	5.96	6.6	6.75	6.84	6.86
5.29	5.94	6.57	6.73	6.81	6.84
5.36	5.97	6.61	6.76	6.85	6.87
5.36	5.97	6.59	6.73	6.81	6.84
5.37	6	6.63	6.78	6.86	6.89
5.32	6.05	6.68	6.83	6.92	6.93
5.31	6.08	6.7	6.83	6.92	6.94
5.35	6.06	6.66	6.81	6.9	6.92
5.34	5.92	6.49	6.64	6.75	6.77
5.28	5.9	6.42	6.57	6.68	6.72
5.24	5.89	6.41	6.55	6.65	6.69
5.24	5.88	6.4	6.54	6.63	6.68
5.22	5.88	6.41	6.54	6.63	6.67
5.21	5.9	6.39	6.56	6.63	6.67
5.22	5.95	6.51	6.63	6.72	6.76
5.21	5.93	6.47	6.59	6.68	6.72
5.19	5.86	6.4	6.51	6.62	6.67
5.24	5.85	6.37	6.5	6.6	6.65
5.24	5.88	6.44	6.6	6.67	6.71
5.19	5.86	6.41	6.54	6.64	6.68
5.13	5.84	6.39	6.52	6.61	6.67
5.2	5.87	6.41	6.55	6.64	6.7
5.38	5.89	6.42	6.57	6.66	6.71
5.39	5.83	6.4	6.54	6.64	6.7
5.12	5.81	6.4	6.57	6.67	6.74
5.18	5.87	6.44	6.61	6.69	6.76
5.18	5.85	6.41	6.59	6.68	6.74
5.18	5.89	6.47	6.64	6.73	6.79
5.18	5.91	6.48	6.65	6.74	6.8
5.03	5.84	6.45	6.61	6.69	6.75
4.96	5.78	6.37	6.51	6.61	6.67
5.07	5.78	6.36	6.52	6.59	6.66
5.05	5.77	6.33	6.49	6.56	6.63
5.09	5.77	6.33	6.49	6.56	6.62
5.11	5.76	6.33	6.49	6.57	6.62
5.07	5.71	6.25	6.39	6.46	6.51
5.06	5.75	6.31	6.44	6.51	6.55
5.05	5.75	6.32	6.46	6.54	6.57
4.98	5.75	6.32	6.45	6.52	6.56
4.97	5.68	6.21	6.35	6.44	6.48
5	5.65	6.18	6.3	6.39	6.43
5.03	5.65	6.15	6.28	6.38	6.4
5.05	5.66	6.18	6.31	6.39	6.43
5.03	5.66	6.17	6.29	6.38	6.4
5.08	5.65	6.17	6.29	6.38	6.4
5.08	5.63	6.14	6.27	6.37	6.37
5.06	5.66	6.17	6.3	6.37	6.4
5.07	5.66	6.18	6.31	6.38	6.42
5.07	5.67	6.19	6.34	6.44	6.45
5.17	5.63	6.24	6.36	6.47	6.5
5.15	5.62	6.2	6.35	6.43	6.46
5.25	5.67	6.25	6.4	6.49	6.51
5.18	5.64	6.19	6.33	6.42	6.45
5.2	5.64	6.17	6.3	6.4	6.42
5.14	5.57	6.07	6.2	6.29	6.31
5.12	5.55	6.04	6.17	6.26	6.27
5.12	5.55	6.05	6.17	6.26	6.27
5.11	5.53	6.02	6.15	6.23	6.25
5.15	5.53	6.02	6.15	6.24	6.26
5.14	5.52	6.01	6.13	6.22	6.23
5.22	5.56	6.05	6.16	6.24	6.26
5.22	5.56	6.05	6.16	6.25	6.26
5.17	5.51	5.99	6.11	6.18	6.2
5.18	5.57	5.99	6.11	6.18	6.19
5.24	5.59	6.02	6.16	6.23	6.24
5.27	5.61	6.05	6.18	6.25	6.27
5.18	5.52	5.94	6.07	6.13	6.15
5.2	5.52	5.95	6.06	6.13	6.14
5.23	5.52	5.95	6.06	6.13	6.16
5.24	5.53	5.97	6.08	6.16	6.18
5.24	5.52	5.96	6.06	6.14	6.16
5.24	5.47	5.88	6	6.08	6.11
5.24	5.46	5.85	5.95	6.03	6.05
5.25	5.45	5.81	5.9	5.99	6.02
5.28	5.52	5.99	6.08	6.17	6.2
5.29	5.53	6.02	6.12	6.2	6.23
5.29	5.55	6.04	6.13	6.22	6.23
5.29	5.53	6.03	6.11	6.2	6.21
5.3	5.54	6.05	6.14	6.24	6.24
5.29	5.6	6.15	6.23	6.37	6.38
5.31	5.63	6.13	6.2	6.35	6.36
5.31	5.63	6.14	6.22	6.39	6.39
5.32	5.6	6.09	6.19	6.36	6.36
5.34	5.57	6.03	6.13	6.27	6.27
5.29	5.53	6	6.1	6.27	6.27
5.23	5.5	5.94	6.06	6.21	6.21
5.25	5.51	5.97	6.07	6.21	6.21
5.24	5.53	6	6.1	6.24	6.24
5.27	5.57	6.05	6.15	6.3	6.3
5.25	5.57	6.09	6.21	6.36	6.38
5.28	5.6	6.12	6.25	6.38	6.39
5.28	5.6	6.12	6.24	6.37	6.38
5.28	5.6	6.13	6.23	6.37	6.38
5.24	5.56	6.06	6.18	6.29	6.3
5.24	5.59	6.1	6.22	6.33	6.34
5.21	5.57	6.06	6.2	6.3	6.31
5.14	5.57	6.07	6.21	6.33	6.33
5.14	5.6	6.09	6.22	6.33	6.33
5.17	5.58	6.09	6.24	6.36	6.37
5.16	5.61	6.09	6.23	6.33	6.33
5.16	5.6	6.09	6.24	6.33	6.34
5.11	5.61	6.1	6.26	6.36	6.37
5.13	5.59	6.11	6.27	6.38	6.39
5.1	5.54	6.03	6.17	6.28	6.29
5.08	5.54	6.02	6.17	6.28	6.28
5.09	5.47	5.88	6	6.09	6.11
5.1	5.46	5.88	5.99	6.08	6.1
5.1	5.47	5.9	6.02	6.1	6.11
5.06	5.48	5.89	6.01	6.08	6.09
5.02	5.46	5.86	5.99	6.05	6.06
5.02	5.48	5.89	6.02	6.09	6.1
4.94	5.46	5.86	5.97	6.04	6.04
4.93	5.5	5.93	6.04	6.13	6.13
4.99	5.47	5.89	5.99	6.08	6.08
5.07	5.47	5.88	5.99	6.09	6.1
5.06	5.47	5.88	6	6.11	6.12
5.1	5.44	5.83	5.93	6.05	6.04
5.07	5.44	5.8	5.91	6.02	6.01
5.03	5.42	5.79	5.89	6.02	6.01
5.08	5.4	5.75	5.85	5.97	5.96
5.06	5.38	5.73	5.82	5.95	5.94
5.09	5.46	5.85	5.96	6.09	6.08
5.14	5.48	5.86	5.98	6.1	6.09
5.14	5.54	5.92	6.03	6.17	6.15
5.08	5.5	5.87	5.97	6.09	6.07
5.06	5.52	5.9	6	6.13	6.1
5.07	5.51	5.9	6	6.12	6.09
5.06	5.56	5.98	6.08	6.19	6.17
5.09	5.56	5.97	6.07	6.18	6.15
5.07	5.57	5.98	6.07	6.18	6.14
5.16	5.58	5.97	6.06	6.17	6.12
5.13	5.48	5.86	5.95	6.07	6.04
5.15	5.46	5.86	5.94	6.05	6.01
5.08	5.29	5.7	5.79	5.94	5.91
5.25	5.41	5.8	5.89	6	5.98
5.19	5.35	5.74	5.78	5.95	5.91
5.17	5.33	5.7	5.73	5.88	5.84
5.21	5.36	5.7	5.72	5.87	5.84
5.26	5.44	5.77	5.79	5.94	5.91
5.25	5.46	5.77	5.83	5.98	5.95
5.27	5.45	5.78	5.84	5.97	5.95
5.31	5.42	5.76	5.79	5.92	5.9
5.31	5.42	5.77	5.81	5.92	5.9
5.32	5.46	5.78	5.82	5.94	5.91
5.3	5.43	5.76	5.81	5.92	5.89
5.27	5.42	5.75	5.79	5.9	5.87
5.27	5.43	5.74	5.8	5.9	5.86
5.31	5.45	5.74	5.79	5.88	5.85
5.31	5.48	5.74	5.8	5.88	5.85
5.28	5.47	5.72	5.77	5.84	5.82
5.28	5.49	5.74	5.8	5.87	5.84
5.25	5.43	5.7	5.77	5.84	5.82
5.29	5.47	5.75	5.81	5.88	5.86
5.3	5.49	5.75	5.8	5.87	5.85
5.26	5.5	5.77	5.82	5.89	5.86
5.22	5.52	5.8	5.83	5.89	5.86
5.27	5.56	5.8	5.83	5.88	5.86
5.26	5.56	5.8	5.83	5.88	5.86
5.26	5.53	5.77	5.8	5.85	5.83
5.27	5.49	5.75	5.78	5.86	5.84
5.3	5.56	5.83	5.87	5.94	5.92
5.29	5.63	5.87	5.92	5.98	5.96
5.27	5.59	5.86	5.9	5.97	5.95
5.21	5.51	5.79	5.85	5.92	5.9
5.2	5.48	5.72	5.77	5.84	5.82
5.18	5.42	5.67	5.71	5.76	5.74
5.23	5.47	5.7	5.74	5.8	5.78
5.23	5.47	5.69	5.74	5.8	5.77
5.25	5.5	5.72	5.77	5.82	5.81
5.24	5.49	5.69	5.74	5.78	5.76
5.33	5.5	5.67	5.7	5.74	5.72
5.46	5.55	5.7	5.71	5.73	5.72
5.46	5.55	5.7	5.71	5.74	5.73
5.38	5.54	5.71	5.72	5.76	5.76
5.35	5.54	5.72	5.72	5.75	5.75
5.45	5.55	5.73	5.73	5.76	5.76
5.45	5.55	5.75	5.76	5.82	5.8
5.36	5.51	5.68	5.71	5.77	5.75
5.32	5.46	5.62	5.63	5.68	5.67
5.23	5.35	5.47	5.46	5.52	5.52
5.22	5.3	5.42	5.41	5.49	5.49
5.23	5.31	5.45	5.45	5.55	5.55
5.13	5.2	5.33	5.34	5.46	5.49
5.05	5.08	5.2	5.22	5.37	5.4
5.12	5.13	5.21	5.24	5.38	5.39
5.17	5.17	5.25	5.28	5.42	5.41
5.18	5.19	5.3	5.33	5.45	5.45
5.13	5.19	5.29	5.34	5.46	5.48
5.15	5.24	5.35	5.42	5.53	5.54
5.14	5.24	5.36	5.45	5.56	5.57
5.13	5.22	5.34	5.41	5.52	5.54
5.13	5.18	5.31	5.39	5.53	5.56
5.17	5.25	5.44	5.53	5.67	5.7
5.22	5.25	5.42	5.49	5.61	5.63
5.24	5.32	5.5	5.57	5.68	5.7
5.23	5.33	5.5	5.54	5.67	5.69
5.2	5.24	5.39	5.43	5.55	5.58
5.19	5.24	5.35	5.39	5.51	5.53
5.26	5.26	5.38	5.43	5.55	5.57
5.26	5.25	5.36	5.41	5.56	5.56
5.11	5.24	5.35	5.41	5.55	5.57
5.14	5.26	5.39	5.46	5.61	5.62
5.17	5.27	5.43	5.48	5.61	5.62
5.22	5.28	5.46	5.51	5.65	5.65
5.21	5.29	5.43	5.49	5.63	5.64
5.22	5.29	5.4	5.46	5.57	5.53
5.22	5.28	5.4	5.46	5.56	5.52
5.22	5.26	5.36	5.44	5.53	5.49
5.2	5.25	5.34	5.41	5.5	5.44
5.2	5.27	5.38	5.44	5.54	5.49
5.21	5.28	5.4	5.47	5.57	5.51
5.21	5.3	5.41	5.49	5.58	5.54
5.28	5.35	5.47	5.53	5.62	5.58
5.27	5.47	5.6	5.66	5.75	5.69
5.31	5.43	5.56	5.6	5.7	5.63
5.34	5.42	5.58	5.62	5.71	5.65
5.32	5.41	5.55	5.59	5.67	5.62
5.26	5.43	5.61	5.67	5.77	5.72
5.23	5.46	5.64	5.72	5.82	5.77
5.19	5.43	5.64	5.71	5.81	5.76
5.18	5.42	5.63	5.71	5.84	5.78
5.15	5.4	5.59	5.65	5.78	5.73
5.11	5.39	5.56	5.61	5.74	5.67
5.09	5.38	5.56	5.62	5.73	5.67
5.09	5.37	5.54	5.57	5.69	5.63
5.08	5.34	5.49	5.52	5.62	5.56
5.09	5.35	5.49	5.54	5.65	5.58
5.12	5.33	5.47	5.52	5.6	5.54
5.14	5.36	5.48	5.53	5.63	5.56
5.17	5.36	5.51	5.55	5.65	5.58
5.18	5.37	5.52	5.56	5.65	5.58
5.19	5.36	5.5	5.56	5.64	5.57
5.17	5.36	5.52	5.56	5.63	5.57
5.17	5.37	5.52	5.57	5.63	5.58
5.18	5.4	5.59	5.62	5.7	5.64
5.22	5.41	5.65	5.66	5.74	5.68
5.21	5.43	5.66	5.67	5.75	5.68
5.18	5.44	5.69	5.7	5.79	5.72
5.16	5.41	5.61	5.64	5.74	5.67
5.12	5.37	5.58	5.59	5.68	5.62
5.1	5.35	5.53	5.54	5.64	5.56
5.08	5.25	5.42	5.44	5.54	5.47
5.1	5.3	5.47	5.49	5.58	5.51
5.07	5.28	5.48	5.5	5.59	5.53
5.06	5.3	5.51	5.54	5.64	5.58
5.07	5.33	5.52	5.56	5.64	5.59
5.19	5.42	5.61	5.64	5.72	5.66
5.16	5.4	5.58	5.6	5.69	5.63
5.08	5.38	5.56	5.59	5.66	5.6
5.04	5.37	5.53	5.57	5.64	5.59
5.05	5.36	5.53	5.57	5.64	5.59
5.08	5.39	5.57	5.61	5.7	5.65
5.07	5.41	5.62	5.66	5.73	5.68
5.09	5.41	5.62	5.66	5.73	5.68
5.09	5.4	5.62	5.66	5.74	5.69
5.08	5.39	5.62	5.65	5.72	5.67
5.08	5.48	5.73	5.77	5.86	5.8
5.06	5.48	5.73	5.78	5.86	5.8
5.07	5.49	5.75	5.78	5.87	5.81
5	5.4	5.62	5.65	5.74	5.68
5.02	5.41	5.62	5.63	5.72	5.67
5.1	5.42	5.62	5.63	5.73	5.67
5.11	5.45	5.64	5.66	5.76	5.7
5.11	5.41	5.59	5.6	5.72	5.67
5.12	5.42	5.6	5.6	5.72	5.67
5.14	5.44	5.64	5.65	5.75	5.71
5.14	5.48	5.7	5.72	5.82	5.79
5.12	5.44	5.6	5.65	5.74	5.7
5.12	5.44	5.6	5.63	5.72	5.64
5.18	5.48	5.64	5.66	5.76	5.67
5.18	5.46	5.64	5.67	5.76	5.68
5.2	5.45	5.59	5.63	5.72	5.64
5.23	5.45	5.6	5.63	5.73	5.65
5.21	5.42	5.57	5.6	5.68	5.61
5.24	5.47	5.63	5.66	5.73	5.65
5.22	5.45	5.63	5.65	5.72	5.64
5.17	5.45	5.59	5.6	5.67	5.59
5.09	5.41	5.54	5.57	5.64	5.56
5.07	5.43	5.57	5.56	5.65	5.58
5.03	5.42	5.54	5.56	5.63	5.56
5.08	5.4	5.51	5.53	5.59	5.53
5.08	5.41	5.53	5.56	5.62	5.56
5.13	5.42	5.56	5.57	5.63	5.57
5.12	5.43	5.58	5.6	5.65	5.59
5.12	5.45	5.59	5.6	5.63	5.58
5.16	5.46	5.59	5.6	5.63	5.58
5.17	5.46	5.6	5.61	5.64	5.59
5.14	5.44	5.54	5.55	5.58	5.51
5.11	5.37	5.44	5.46	5.49	5.44
5.13	5.35	5.43	5.43	5.48	5.43
5.16	5.33	5.41	5.42	5.45	5.38
5.2	5.39	5.47	5.49	5.52	5.45
5.23	5.44	5.54	5.57	5.61	5.54
5.19	5.42	5.53	5.55	5.58	5.5
5.17	5.4	5.5	5.52	5.54	5.47
5.11	5.41	5.5	5.52	5.54	5.46
5.1	5.41	5.51	5.51	5.53	5.45
5.04	5.41	5.51	5.48	5.54	5.46
5.02	5.41	5.53	5.5	5.54	5.46
5.01	5.4	5.53	5.49	5.53	5.46
5.16	5.4	5.52	5.5	5.55	5.47
5.1	5.38	5.49	5.47	5.52	5.44
5.09	5.37	5.47	5.43	5.5	5.44
5.07	5.35	5.46	5.43	5.47	5.42
5.09	5.34	5.43	5.4	5.45	5.39
5.08	5.35	5.46	5.43	5.48	5.42
5.09	5.34	5.46	5.43	5.49	5.43
5.07	5.33	5.42	5.4	5.46	5.41
5.06	5.33	5.42	5.4	5.47	5.42
5.13	5.35	5.46	5.45	5.52	5.46
5.16	5.36	5.48	5.47	5.54	5.49
5.14	5.35	5.47	5.46	5.53	5.48
5.17	5.38	5.49	5.48	5.56	5.5
5.14	5.37	5.48	5.49	5.57	5.51
5.09	5.37	5.47	5.47	5.53	5.48
5.09	5.37	5.47	5.46	5.52	5.45
5.07	5.37	5.48	5.47	5.52	5.46
5.09	5.35	5.47	5.46	5.52	5.45
5.08	5.36	5.47	5.48	5.52	5.45
5.06	5.36	5.47	5.49	5.54	5.47
5.07	5.35	5.47	5.49	5.56	5.5
5.07	5.37	5.49	5.52	5.59	5.52
5.07	5.38	5.49	5.52	5.56	5.5
5.1	5.38	5.48	5.52	5.56	5.5
5.13	5.37	5.44	5.46	5.51	5.46
5.1	5.33	5.42	5.44	5.49	5.43
5.08	5.3	5.38	5.43	5.48	5.43
5.03	5.3	5.38	5.43	5.49	5.44
4.99	5.24	5.33	5.39	5.44	5.4
5.07	5.23	5.35	5.39	5.44	5.41
5.03	5.2	5.3	5.33	5.4	5.37
5.02	5.21	5.29	5.34	5.43	5.4
5.04	5.26	5.32	5.38	5.46	5.44
5.03	5.25	5.3	5.34	5.42	5.4
5.07	5.24	5.27	5.33	5.41	5.4
5.06	5.26	5.3	5.35	5.42	5.41
5.07	5.25	5.33	5.35	5.42	5.42
5.04	5.24	5.3	5.32	5.39	5.38
5.01	5.19	5.23	5.24	5.33	5.32
5.08	5.18	5.18	5.19	5.3	5.3
5.09	5.17	5.14	5.13	5.24	5.25
5.06	5.16	5.09	5.11	5.23	5.26
4.99	5.02	4.93	4.97	5.11	5.12
4.91	4.96	4.89	4.94	5.09	5.09
4.96	4.95	4.85	4.91	5.03	5.05
4.92	4.87	4.83	4.91	5.06	5.05
4.91	4.91	4.88	4.96	5.08	5.1
4.83	4.9	4.82	4.91	5.02	5.03
4.86	4.91	4.84	4.9	5.01	5.02
4.94	4.91	4.81	4.89	5.03	5.04
4.88	4.81	4.7	4.79	4.92	4.95
4.78	4.6	4.51	4.55	4.72	4.76
4.87	4.73	4.65	4.65	4.81	4.85
4.83	4.77	4.65	4.65	4.82	4.87
4.79	4.77	4.69	4.68	4.84	4.9
4.74	4.78	4.71	4.69	4.82	4.88
4.7	4.76	4.63	4.6	4.74	4.8
4.63	4.7	4.56	4.5	4.64	4.7
4.82	4.71	4.58	4.51	4.64	4.69
4.81	4.72	4.62	4.57	4.69	4.73
4.67	4.6	4.52	4.48	4.64	4.69
4.55	4.52	4.43	4.43	4.56	4.64
4.52	4.49	4.41	4.4	4.53	4.6
4.56	4.53	4.42	4.4	4.53	4.61
4.54	4.53	4.41	4.4	4.52	4.59
4.37	4.41	4.26	4.23	4.38	4.44
4.23	4.28	4.1	4.1	4.26	4.33
4.22	4.29	4.13	4.08	4.23	4.31
4.23	4.18	4.02	3.95	4.13	4.16
4.18	4.22	4.1	4.05	4.22	4.24
4.15	4.23	4.13	4.13	4.34	4.34
3.89	4.11	4.24	4.29	4.57	4.56
3.88	4.16	4.39	4.46	4.78	4.77
3.99	4.25	4.33	4.37	4.74	4.73
4.02	4.19	4.25	4.23	4.58	4.58
4.15	4.25	4.27	4.23	4.56	4.58
3.65	3.86	4.04	4.04	4.41	4.44
3.94	3.92	4.04	4.06	4.38	4.47
3.95	3.98	4.12	4.14	4.46	4.57
4	4.02	4.17	4.17	4.49	4.59
3.98	4.04	4.18	4.19	4.51	4.62
3.97	4.07	4.24	4.28	4.6	4.7
4.06	4.13	4.3	4.32	4.58	4.73
4.06	4.04	4.2	4.23	4.48	4.63
4.28	4.07	4.15	4.18	4.43	4.6
4.32	4.08	4.12	4.13	4.39	4.54
4.33	4.18	4.24	4.24	4.47	4.64
4.54	4.33	4.39	4.39	4.63	4.77
4.5	4.33	4.37	4.33	4.63	4.78
4.56	4.46	4.53	4.48	4.78	4.83
4.58	4.53	4.55	4.48	4.78	4.82
4.64	4.64	4.65	4.58	4.92	4.93
4.58	4.54	4.63	4.55	4.84	4.88
4.54	4.53	4.57	4.5	4.78	4.81
4.48	4.5	4.52	4.47	4.74	4.77
4.47	4.52	4.56	4.53	4.78	4.82
4.52	4.55	4.57	4.55	4.79	4.85
4.42	4.52	4.58	4.57	4.8	4.87
4.44	4.53	4.61	4.58	4.78	4.85
4.46	4.55	4.64	4.63	4.81	4.85
4.46	4.56	4.62	4.6	4.77	4.82
4.59	4.57	4.61	4.6	4.79	4.84
4.62	4.6	4.66	4.63	4.81	4.85
4.57	4.6	4.64	4.63	4.81	4.83
4.55	4.59	4.63	4.6	4.8	4.81
4.57	4.53	4.54	4.51	4.7	4.74
4.49	4.46	4.44	4.43	4.63	4.67
4.48	4.41	4.34	4.31	4.54	4.59
4.45	4.41	4.33	4.31	4.54	4.58
4.48	4.49	4.43	4.38	4.61	4.62
4.46	4.58	4.51	4.47	4.7	4.69
4.43	4.49	4.43	4.4	4.61	4.6
4.43	4.46	4.4	4.37	4.56	4.56
4.48	4.45	4.37	4.33	4.51	4.53
4.5	4.49	4.42	4.39	4.59	4.61
4.49	4.47	4.39	4.35	4.56	4.58
4.49	4.49	4.44	4.39	4.62	4.62
4.46	4.44	4.38	4.34	4.54	4.58
4.46	4.45	4.39	4.34	4.57	4.58
4.49	4.48	4.43	4.38	4.58	4.58
4.51	4.53	4.52	4.45	4.66	4.64
4.5	4.56	4.56	4.5	4.72	4.7
4.58	4.69	4.71	4.65	4.84	4.81
4.57	4.72	4.76	4.74	4.89	4.86
4.56	4.65	4.71	4.66	4.82	4.78
4.59	4.62	4.6	4.6	4.75	4.71
4.55	4.54	4.55	4.55	4.71	4.65
4.48	4.53	4.55	4.56	4.73	4.65
4.49	4.58	4.57	4.57	4.75	4.69
4.48	4.56	4.64	4.62	4.8	4.74
4.47	4.53	4.62	4.61	4.76	4.73
4.44	4.51	4.63	4.62	4.82	4.77
4.48	4.57	4.71	4.72	4.92	4.86
4.51	4.62	4.75	4.76	4.95	4.9
4.48	4.55	4.68	4.68	4.89	4.82
4.45	4.49	4.61	4.6	4.84	4.74
4.44	4.41	4.48	4.48	4.73	4.63
4.44	4.46	4.55	4.54	4.76	4.66
4.41	4.49	4.62	4.6	4.82	4.71
4.37	4.53	4.66	4.65	4.86	4.76
4.32	4.48	4.62	4.6	4.79	4.7
4.36	4.46	4.58	4.54	4.73	4.64
4.44	4.48	4.58	4.55	4.74	4.67
4.46	4.51	4.61	4.58	4.76	4.69
4.47	4.51	4.57	4.57	4.74	4.68
4.49	4.52	4.57	4.57	4.73	4.67
4.48	4.51	4.57	4.55	4.72	4.66
4.53	4.58	4.65	4.65	4.82	4.75
4.53	4.59	4.7	4.7	4.87	4.79
4.48	4.59	4.73	4.74	4.91	4.83
4.49	4.63	4.8	4.82	5	4.89
4.5	4.66	4.85	4.88	5.04	4.94
4.54	4.66	4.84	4.86	5.03	4.94
4.53	4.65	4.78	4.78	4.99	4.91
4.48	4.64	4.78	4.79	4.99	4.9
4.5	4.66	4.82	4.83	5.01	4.93
4.54	4.74	4.94	4.96	5.18	5.06
4.56	4.73	4.95	4.96	5.14	5.03
4.52	4.69	4.91	4.91	5.09	4.98
4.53	4.72	4.95	4.96	5.16	5.04
4.56	4.71	4.97	4.99	5.19	5.07
4.65	4.73	4.94	4.95	5.14	5.03
4.66	4.78	5.04	5.04	5.2	5.1
4.67	4.85	5.09	5.12	5.29	5.18
4.62	4.86	5.21	5.23	5.43	5.32
4.66	4.88	5.16	5.21	5.39	5.29
4.71	4.91	5.28	5.32	5.49	5.4
4.66	4.93	5.24	5.27	5.44	5.35
4.62	4.89	5.24	5.29	5.48	5.39
4.62	4.9	5.27	5.32	5.52	5.41
4.63	4.84	5.21	5.24	5.44	5.34
4.64	4.83	5.18	5.21	5.42	5.29
4.6	4.76	5.08	5.11	5.33	5.18
4.6	4.75	5.09	5.13	5.35	5.2
4.62	4.77	5.11	5.13	5.35	5.21
4.6	4.76	5.06	5.08	5.31	5.16
4.61	4.76	5.03	5.07	5.29	5.15
4.55	4.74	5.01	5.03	5.24	5.11
4.53	4.74	5.05	5.05	5.27	5.14
4.51	4.72	5	5.02	5.24	5.11
4.51	4.73	5.05	5.07	5.31	5.17
4.52	4.77	5.1	5.13	5.34	5.21
4.5	4.74	5.09	5.11	5.34	5.2
4.5	4.73	5.04	5.07	5.3	5.17
4.51	4.77	5.07	5.12	5.35	5.21
4.51	4.74	5.05	5.1	5.35	5.21
4.51	4.75	5.08	5.15	5.4	5.28
4.48	4.72	5.03	5.09	5.34	5.21
4.49	4.72	5.07	5.12	5.38	5.25
4.44	4.73	5.08	5.15	5.4	5.27
4.4	4.67	5.02	5.07	5.33	5.2
4.42	4.66	4.98	5.01	5.26	5.13
4.42	4.69	5.01	5.04	5.26	5.14
4.4	4.64	4.89	4.94	5.16	5.03
4.42	4.63	4.91	4.96	5.17	5.05
4.32	4.66	4.95	4.98	5.17	5.06
4.32	4.66	4.97	5.02	5.23	5.12
4.3	4.65	4.98	5.04	5.24	5.13
4.32	4.66	5.05	5.08	5.27	5.18
4.34	4.71	5.08	5.13	5.32	5.23
4.36	4.69	5.04	5.08	5.27	5.18
4.38	4.67	5.03	5.06	5.25	5.16
4.36	4.68	5.03	5.07	5.24	5.17
4.4	4.73	5.09	5.15	5.34	5.25
4.43	4.71	5.09	5.15	5.34	5.26
4.47	4.72	5.12	5.14	5.31	5.23
4.5	4.74	5.07	5.12	5.29	5.22
4.51	4.75	5.1	5.16	5.32	5.27
4.51	4.68	5.02	5.09	5.26	5.22
4.55	4.78	5.17	5.24	5.42	5.36
4.62	4.79	5.16	5.25	5.44	5.38
4.63	4.8	5.2	5.3	5.48	5.42
4.61	4.75	5.16	5.27	5.46	5.4
4.62	4.79	5.26	5.39	5.57	5.52
4.62	4.78	5.27	5.4	5.6	5.54
4.6	4.77	5.24	5.38	5.58	5.54
4.62	4.8	5.27	5.4	5.63	5.59
4.6	4.79	5.27	5.39	5.6	5.51
4.59	4.75	5.19	5.29	5.48	5.41
4.64	4.86	5.38	5.48	5.71	5.62
4.71	4.9	5.4	5.53	5.75	5.66
4.66	4.92	5.46	5.58	5.79	5.68
4.63	4.9	5.44	5.54	5.72	5.6
4.61	4.88	5.43	5.53	5.74	5.6
4.61	4.87	5.37	5.46	5.67	5.52
4.64	4.86	5.35	5.43	5.65	5.5
4.64	4.9	5.37	5.44	5.66	5.49
4.66	4.92	5.41	5.49	5.72	5.55
4.65	4.98	5.52	5.59	5.81	5.62
4.66	4.97	5.51	5.6	5.83	5.64
4.77	5.09	5.63	5.74	5.99	5.78
4.74	5.07	5.64	5.75	5.98	5.8
4.65	5.07	5.62	5.75	5.95	5.8
4.57	5.07	5.64	5.75	5.97	5.82
4.64	5.08	5.64	5.73	5.96	5.81
4.62	5.1	5.65	5.74	5.97	5.83
4.6	5.12	5.69	5.79	6.02	5.87
4.67	5.13	5.74	5.85	6.07	5.92
4.74	5.16	5.78	5.92	6.17	6.02
4.76	5.13	5.75	5.89	6.12	5.98
4.74	5.09	5.74	5.87	6.12	5.98
4.67	5	5.69	5.84	6.09	5.94
4.64	4.95	5.56	5.67	5.92	5.79
4.69	4.98	5.63	5.75	5.95	5.84
4.74	5.01	5.68	5.81	6.04	5.9
4.73	5.15	5.73	5.84	6.08	5.94
4.73	5.18	5.79	5.9	6.15	6
4.74	5.18	5.84	5.93	6.2	6.05
4.8	5.18	5.81	5.91	6.18	6.02
4.88	5.15	5.75	5.86	6.11	5.96
4.84	5.17	5.75	5.84	6.08	5.93
4.78	5.07	5.59	5.67	5.93	5.81
4.68	5.09	5.65	5.73	5.98	5.85
4.69	5.08	5.65	5.7	5.96	5.82
4.72	5.08	5.73	5.77	6.02	5.88
4.67	5.06	5.74	5.79	6.05	5.92
4.68	5.04	5.66	5.72	5.98	5.85
4.69	5.04	5.68	5.72	5.99	5.84
4.74	5.02	5.56	5.62	5.89	5.74
4.71	5	5.57	5.6	5.86	5.71
4.72	5.01	5.59	5.63	5.89	5.74
4.7	5.01	5.59	5.63	5.88	5.72
4.68	5	5.53	5.57	5.83	5.68
4.67	5	5.51	5.56	5.82	5.66
4.64	4.96	5.48	5.54	5.8	5.65
4.59	4.92	5.51	5.55	5.81	5.66
4.61	4.99	5.62	5.66	5.94	5.78
4.65	5.02	5.65	5.72	6	5.84
4.68	5.04	5.68	5.73	6.02	5.86
4.7	5.03	5.61	5.7	5.98	5.82
4.71	5.04	5.59	5.7	5.97	5.81
4.72	5.11	5.68	5.79	6.06	5.88
4.75	5.13	5.7	5.82	6.1	5.92
4.85	5.15	5.76	5.85	6.11	5.92
4.84	5.17	5.75	5.86	6.13	5.95
4.78	5.12	5.73	5.86	6.13	5.96
4.74	5.05	5.64	5.77	6.07	5.88
4.8	5.16	5.79	5.94	6.24	6.02
4.96	5.24	5.89	6.04	6.33	6.13
4.95	5.24	5.9	6	6.37	6.16
4.91	5.22	5.86	5.96	6.32	6.05
4.79	5.25	5.89	5.97	6.33	6.08
4.74	5.19	5.81	5.88	6.21	5.98
4.84	5.24	5.82	5.88	6.19	5.98
4.83	5.23	5.75	5.8	6.1	5.89
4.76	5.19	5.74	5.79	6.09	5.88
4.76	5.18	5.74	5.81	6.12	5.9
4.84	5.16	5.72	5.79	6.1	5.88
5.01	5.21	5.73	5.79	6.11	5.89
4.99	5.18	5.71	5.73	6.06	5.85
4.93	5.14	5.61	5.63	5.94	5.73
4.93	5.18	5.65	5.67	5.96	5.75
4.98	5.24	5.74	5.75	6.05	5.85
5.01	5.31	5.81	5.86	6.16	5.95
4.98	5.3	5.82	5.88	6.2	5.98
4.97	5.3	5.82	5.88	6.2	5.99
4.92	5.3	5.83	5.9	6.23	6.03
4.92	5.22	5.72	5.78	6.12	5.89
4.85	5.27	5.78	5.83	6.17	5.95
4.83	5.28	5.77	5.82	6.15	5.93
4.81	5.3	5.81	5.85	6.19	5.97
4.76	5.26	5.75	5.78	6.1	5.89
4.8	5.28	5.76	5.8	6.12	5.92
4.83	5.3	5.82	5.85	6.18	5.96
4.75	5.25	5.79	5.81	6.14	5.94
4.7	5.23	5.7	5.77	6.09	5.9
4.67	5.24	5.74	5.76	6.06	5.87
4.81	5.28	5.75	5.81	6.11	5.91
4.79	5.26	5.76	5.83	6.14	5.94
4.83	5.26	5.74	5.81	6.12	5.92
4.82	5.22	5.7	5.76	6.06	5.87
4.78	5.15	5.6	5.65	5.94	5.75
4.87	5.19	5.67	5.73	6.01	5.83
4.85	5.2	5.7	5.78	6.09	5.89
4.83	5.27	5.75	5.86	6.18	5.97
4.88	5.22	5.7	5.78	6.1	5.9
4.98	5.3	5.83	5.9	6.22	6
4.87	5.27	5.79	5.85	6.15	5.95
4.86	5.33	5.87	5.94	6.24	6.02
4.81	5.36	5.89	5.98	6.27	6.04
4.84	5.36	5.91	5.99	6.28	6.05
4.82	5.36	5.87	5.97	6.27	6.04
4.93	5.38	5.89	5.99	6.29	6.07
4.98	5.43	5.93	6.04	6.35	6.12
5.02	5.45	5.97	6.09	6.41	6.17
5.04	5.42	5.89	5.99	6.33	6.09
5.15	5.42	5.92	6.03	6.34	6.12
5.15	5.47	5.99	6.09	6.39	6.18
5.15	5.49	6.02	6.11	6.41	6.19
5.14	5.48	6.02	6.11	6.43	6.2
5.07	5.5	6.02	6.13	6.43	6.21
5.14	5.54	6.06	6.14	6.44	6.22
5.15	5.57	6.09	6.17	6.46	6.24
5.14	5.53	6.04	6.13	6.39	6.19
5.11	5.49	5.95	6.05	6.3	6.12
5.12	5.43	5.9	5.97	6.19	6.02
5.16	5.47	5.93	6	6.23	6.06
5.14	5.47	5.93	5.98	6.2	6.04
5.12	5.46	5.88	5.97	6.18	6.01
5.1	5.44	5.82	5.91	6.11	5.95
5.14	5.43	5.8	5.88	6.07	5.92
5.2	5.48	5.83	5.9	6.08	5.95
5.19	5.49	5.81	5.87	6.1	5.97
5.2	5.52	5.84	5.9	6.14	6
5.23	5.49	5.82	5.85	6.06	5.93
5.29	5.52	5.83	5.87	6.07	5.94
5.29	5.55	5.88	5.91	6.1	5.97
5.24	5.57	5.94	5.98	6.18	6.04
5.23	5.58	5.94	5.99	6.2	6.06
5.23	5.59	5.97	6	6.21	6.07
5.27	5.63	5.98	6.02	6.23	6.09
5.27	5.63	5.99	6.02	6.23	6.08
5.29	5.65	6	6.02	6.22	6.09
5.3	5.68	6.03	6.06	6.25	6.12
5.36	5.72	6.1	6.14	6.32	6.21
5.3	5.7	6.05	6.11	6.28	6.18
5.27	5.73	6.11	6.14	6.32	6.21
5.25	5.77	6.1	6.16	6.35	6.24
5.25	5.71	6.03	6.08	6.27	6.17
5.22	5.72	6.04	6.07	6.24	6.16
5.22	5.68	6.01	6.03	6.2	6.11
5.22	5.69	6.02	6.06	6.24	6.15
5.25	5.67	5.99	6.03	6.22	6.14
5.3	5.67	5.95	5.98	6.15	6.08
5.39	5.74	5.99	6.01	6.18	6.11
5.39	5.81	6.1	6.12	6.3	6.22
5.35	5.85	6.12	6.14	6.34	6.25
5.39	5.9	6.18	6.2	6.41	6.31
5.44	5.93	6.17	6.22	6.42	6.3
5.63	5.99	6.23	6.28	6.49	6.36
5.59	5.97	6.25	6.29	6.5	6.38
5.56	5.97	6.27	6.31	6.52	6.39
5.47	5.96	6.27	6.33	6.54	6.41
5.47	5.97	6.26	6.32	6.52	6.4
5.41	5.96	6.28	6.35	6.55	6.43
5.23	5.93	6.25	6.32	6.5	6.4
5.22	5.93	6.23	6.3	6.48	6.39
5.33	5.98	6.29	6.36	6.55	6.45
5.48	6.09	6.42	6.5	6.65	6.58
5.43	6	6.34	6.4	6.56	6.49
5.44	6.05	6.43	6.51	6.68	6.62
5.41	6.03	6.39	6.46	6.63	6.57
5.38	6	6.35	6.42	6.58	6.52
5.42	6.07	6.42	6.49	6.62	6.57
5.43	6.13	6.49	6.57	6.72	6.67
5.45	6.16	6.53	6.63	6.76	6.72
5.41	6.1	6.45	6.54	6.67	6.63
5.41	6.13	6.49	6.59	6.71	6.69
5.56	6.15	6.53	6.65	6.78	6.75
5.51	6.12	6.51	6.62	6.75	6.73
5.48	6.13	6.55	6.67	6.8	6.79
5.47	6.12	6.54	6.67	6.8	6.79
5.55	6.13	6.48	6.59	6.71	6.69
5.57	6.13	6.5	6.6	6.72	6.7
5.58	6.15	6.51	6.62	6.72	6.69
5.59	6.19	6.58	6.67	6.72	6.68
5.65	6.25	6.62	6.68	6.72	6.66
5.76	6.3	6.65	6.71	6.75	6.68
5.71	6.3	6.63	6.68	6.71	6.62
5.66	6.24	6.66	6.69	6.71	6.6
5.63	6.16	6.56	6.56	6.63	6.49
5.67	6.19	6.64	6.64	6.68	6.53
5.72	6.23	6.72	6.76	6.8	6.64
5.69	6.22	6.74	6.74	6.73	6.59
5.66	6.2	6.75	6.77	6.78	6.56
5.67	6.2	6.74	6.78	6.87	6.67
5.66	6.17	6.73	6.77	6.81	6.63
5.68	6.19	6.68	6.72	6.74	6.56
5.75	6.2	6.72	6.74	6.76	6.56
5.73	6.22	6.7	6.75	6.77	6.56
5.74	6.28	6.72	6.76	6.81	6.58
5.75	6.26	6.71	6.72	6.72	6.49
5.82	6.22	6.62	6.62	6.6	6.36
5.82	6.27	6.63	6.66	6.7	6.44
5.81	6.22	6.54	6.56	6.61	6.36
5.79	6.18	6.48	6.5	6.61	6.36
5.8	6.21	6.5	6.53	6.62	6.37
5.78	6.2	6.58	6.61	6.67	6.42
5.76	6.17	6.54	6.59	6.63	6.39
5.76	6.19	6.58	6.59	6.64	6.4
5.79	6.15	6.56	6.6	6.62	6.39
5.85	6.2	6.62	6.64	6.65	6.42
5.83	6.17	6.55	6.6	6.62	6.39
5.83	6.17	6.54	6.59	6.61	6.38
5.82	6.15	6.52	6.56	6.59	6.35
5.87	6.21	6.58	6.61	6.63	6.39
5.89	6.21	6.54	6.57	6.6	6.36
5.87	6.2	6.5	6.52	6.55	6.31
5.85	6.21	6.5	6.5	6.52	6.29
5.87	6.2	6.49	6.47	6.48	6.26
5.89	6.2	6.49	6.45	6.43	6.2
5.95	6.23	6.5	6.45	6.44	6.18
5.91	6.22	6.48	6.44	6.39	6.13
5.91	6.21	6.47	6.41	6.41	6.13
5.9	6.23	6.47	6.39	6.37	6.08
5.91	6.31	6.59	6.51	6.49	6.2
5.88	6.32	6.61	6.51	6.49	6.21
5.88	6.31	6.57	6.46	6.45	6.17
5.89	6.31	6.54	6.46	6.45	6.18
5.88	6.26	6.47	6.35	6.31	6.06
5.88	6.28	6.44	6.32	6.28	6.03
5.87	6.23	6.41	6.3	6.25	6
5.83	6.14	6.29	6.16	6.15	5.9
5.86	6.15	6.29	6.17	6.16	5.9
5.88	6.17	6.32	6.2	6.19	5.93
5.9	6.17	6.33	6.18	6.13	5.86
5.85	6.14	6.26	6.11	6.08	5.8
5.83	6.16	6.31	6.19	6.2	5.89
5.83	6.17	6.35	6.27	6.29	5.97
5.81	6.16	6.34	6.24	6.25	5.94
5.81	6.08	6.21	6.11	6.16	5.85
5.82	6.09	6.29	6.23	6.31	6.01
5.81	6.07	6.3	6.27	6.33	6.05
5.81	6.08	6.29	6.23	6.26	5.99
5.79	6.12	6.33	6.24	6.25	5.99
5.8	6.11	6.31	6.23	6.25	6
5.79	6.18	6.45	6.39	6.4	6.14
5.75	6.19	6.46	6.4	6.4	6.14
5.75	6.21	6.59	6.51	6.5	6.23
5.82	6.24	6.64	6.56	6.49	6.23
6	6.24	6.68	6.59	6.55	6.29
5.92	6.23	6.68	6.6	6.58	6.32
5.91	6.23	6.71	6.66	6.66	6.4
5.9	6.2	6.74	6.7	6.71	6.46
5.97	6.29	6.81	6.77	6.75	6.51
6.19	6.38	6.86	6.83	6.82	6.57
6.14	6.37	6.82	6.75	6.77	6.53
6.14	6.36	6.79	6.69	6.7	6.47
6.14	6.37	6.78	6.67	6.68	6.43
6.14	6.44	6.86	6.76	6.77	6.51
6.25	6.44	6.82	6.73	6.72	6.47
6.2	6.43	6.84	6.72	6.69	6.43
6.05	6.42	6.84	6.74	6.74	6.48
5.92	6.39	6.88	6.79	6.83	6.56
5.89	6.32	6.8	6.71	6.76	6.51
6.01	6.29	6.75	6.66	6.69	6.44
6.01	6.3	6.77	6.68	6.7	6.45
5.92	6.29	6.76	6.71	6.72	6.47
5.85	6.27	6.69	6.64	6.63	6.39
5.83	6.27	6.65	6.57	6.57	6.33
5.87	6.28	6.7	6.62	6.61	6.38
5.63	6.37	6.66	6.54	6.52	6.29
5.74	6.32	6.56	6.44	6.44	6.2
5.87	6.23	6.48	6.37	6.39	6.15
5.98	6.22	6.44	6.33	6.36	6.12
5.99	6.24	6.46	6.35	6.37	6.14
5.92	6.23	6.47	6.35	6.35	6.13
5.91	6.22	6.5	6.37	6.36	6.13
5.92	6.23	6.5	6.36	6.36	6.13
5.93	6.2	6.47	6.33	6.32	6.09
5.88	6.17	6.44	6.32	6.35	6.11
5.82	6.13	6.38	6.26	6.28	6.06
5.84	6.13	6.39	6.26	6.27	6.05
5.83	6.09	6.32	6.19	6.21	5.99
5.84	6.11	6.34	6.2	6.23	6
5.79	6.12	6.37	6.23	6.26	6.03
5.81	6.16	6.45	6.32	6.35	6.11
5.84	6.16	6.45	6.32	6.35	6.12
5.86	6.19	6.49	6.37	6.42	6.19
5.82	6.16	6.43	6.29	6.34	6.11
5.83	6.16	6.43	6.29	6.33	6.1
5.81	6.14	6.38	6.28	6.33	6.11
5.85	6.11	6.32	6.21	6.27	6.04
5.88	6.08	6.31	6.18	6.25	6.03
6	6.07	6.24	6.12	6.19	6
5.99	6.06	6.23	6.12	6.18	5.99
6.02	6.1	6.28	6.16	6.24	6.05
6.04	6.07	6.23	6.11	6.17	6.01
6.1	6.09	6.24	6.13	6.21	6.04
6.1	6.09	6.26	6.16	6.22	6.06
6.17	6.1	6.29	6.2	6.26	6.09
6.18	6.07	6.24	6.15	6.17	6.01
6.17	6.12	6.35	6.25	6.29	6.1
6.15	6.14	6.4	6.31	6.35	6.17
6.16	6.13	6.39	6.3	6.34	6.16
6.18	6.15	6.4	6.31	6.35	6.16
6.18	6.04	6.25	6.15	6.18	6.01
6.13	6.07	6.25	6.14	6.17	6.01
6.21	6.07	6.28	6.18	6.21	6.04
6.2	6.06	6.28	6.17	6.2	6.04
6.18	6.05	6.24	6.16	6.19	6.04
6.22	6.05	6.21	6.14	6.17	6.02
6.2	6.05	6.24	6.16	6.19	6.04
6.27	6.07	6.24	6.16	6.19	6.04
6.25	6.09	6.2	6.12	6.14	6
6.25	6.12	6.18	6.09	6.1	5.98
6.23	6.1	6.16	6.07	6.08	5.95
6.23	6.08	6.1	6.02	6.03	5.91
6.28	6.13	6.16	6.07	6.09	5.97
6.26	6.13	6.13	6.03	6.04	5.93
6.25	6.17	6.14	6.03	6.03	5.81
6.25	6.17	6.11	6	6	5.76
6.29	6.24	6.19	6.07	6.06	5.79
6.27	6.21	6.2	6.07	6.05	5.78
6.28	6.22	6.24	6.11	6.08	5.81
6.27	6.21	6.26	6.13	6.1	5.83
6.27	6.21	6.26	6.13	6.09	5.81
6.27	6.19	6.22	6.09	6.05	5.78
6.3	6.2	6.23	6.1	6.06	5.79
6.28	6.2	6.21	6.07	6.05	5.78
6.29	6.18	6.16	6.02	5.99	5.73
6.29	6.2	6.12	6	5.98	5.73
6.31	6.2	6.12	6	5.98	5.73
6.32	6.24	6.15	6.05	6.04	5.78
6.31	6.25	6.21	6.08	6.07	5.81
6.32	6.25	6.17	6.07	6.07	5.81
6.31	6.22	6.09	5.98	5.98	5.73
6.27	6.18	6.01	5.92	5.91	5.68
6.27	6.18	6.01	5.92	5.91	5.69
6.21	6.19	6.03	5.95	5.96	5.72
6.2	6.22	6.06	5.97	5.99	5.76
6.14	6.19	6.03	5.95	5.97	5.73
6.11	6.2	6.05	5.97	6	5.77
6.09	6.17	6.06	5.97	6	5.78
6.09	6.12	6.02	5.94	5.95	5.74
6.14	6.13	6.03	5.96	5.99	5.79
6.14	6.1	6.01	5.93	6.02	5.84
6.15	6.07	5.99	5.93	6.03	5.88
6.17	6.09	5.99	5.93	6.01	5.86
6.16	6.1	6.06	5.98	6.06	5.91
6.16	6.09	6.07	5.96	6.03	5.88
6.16	6.08	6.04	5.93	5.99	5.85
6.18	6.09	6.05	5.94	5.99	5.84
6.18	6.08	6.01	5.9	5.95	5.81
6.2	6.07	5.94	5.89	5.96	5.83
6.25	6.09	5.96	5.9	5.96	5.82
6.23	6.07	5.91	5.85	5.93	5.8
6.27	6.06	5.92	5.86	5.95	5.83
6.24	6.07	5.95	5.88	5.99	5.87
6.24	6.06	5.99	5.94	6.01	5.9
6.25	6.06	5.97	5.92	5.98	5.87
6.24	6.06	5.92	5.88	5.92	5.82
6.27	6.06	5.91	5.86	5.91	5.8
6.23	6.01	5.88	5.82	5.88	5.77
6.19	5.93	5.81	5.74	5.82	5.73
6.19	5.93	5.79	5.73	5.82	5.73
6.28	5.97	5.83	5.77	5.84	5.74
6.3	5.92	5.76	5.68	5.77	5.68
6.3	5.91	5.74	5.68	5.76	5.66
6.32	5.96	5.77	5.69	5.76	5.66
6.31	5.94	5.76	5.69	5.73	5.64
6.34	5.93	5.74	5.66	5.67	5.59
6.35	5.97	5.77	5.7	5.71	5.63
6.39	6.01	5.8	5.74	5.76	5.67
6.36	6.05	5.83	5.75	5.77	5.69
6.35	6.11	5.86	5.79	5.82	5.72
6.39	6.13	5.89	5.83	5.84	5.74
6.38	6.12	5.87	5.83	5.87	5.77
6.37	6.1	5.82	5.79	5.83	5.74
6.37	6.09	5.81	5.78	5.82	5.74
6.38	6.13	5.9	5.86	5.91	5.83
6.42	6.16	5.93	5.91	5.96	5.87
6.42	6.16	5.92	5.84	5.96	5.87
6.41	6.16	5.92	5.83	5.95	5.87
6.4	6.13	5.87	5.76	5.89	5.82
6.37	6.11	5.86	5.76	5.87	5.82
6.39	6.1	5.83	5.72	5.84	5.77
6.37	6.11	5.82	5.72	5.81	5.76
6.38	6.1	5.8	5.69	5.78	5.72
6.35	6.07	5.76	5.66	5.74	5.68
6.35	6.09	5.78	5.67	5.76	5.71
6.36	6.07	5.76	5.65	5.73	5.68
6.36	6.07	5.76	5.65	5.73	5.67
6.36	6.1	5.72	5.6	5.68	5.62
6.36	6.12	5.74	5.63	5.7	5.63
6.33	6.11	5.74	5.63	5.71	5.64
6.28	6.05	5.67	5.57	5.64	5.59
6.24	5.98	5.59	5.51	5.6	5.55
6.21	5.92	5.52	5.42	5.5	5.48
6.23	5.93	5.55	5.46	5.56	5.52
6.15	5.88	5.51	5.45	5.56	5.53
6.08	5.79	5.43	5.36	5.45	5.43
6.09	5.72	5.34	5.26	5.33	5.32
6.11	5.74	5.35	5.26	5.34	5.32
6.09	5.77	5.41	5.32	5.39	5.35
6.08	5.79	5.43	5.33	5.42	5.37
6.06	5.79	5.42	5.33	5.42	5.36
6.06	5.74	5.34	5.24	5.33	5.29
6.06	5.7	5.31	5.19	5.28	5.23
6.02	5.65	5.26	5.15	5.24	5.2
5.95	5.58	5.21	5.1	5.19	5.17
5.93	5.58	5.23	5.12	5.22	5.19
5.82	5.46	5.12	5	5.13	5.08
5.38	5.33	5.04	4.94	5.1	5.03
5.27	5.25	5.02	4.93	5.07	5.02
5.85	5.31	5	4.92	5.09	5.04
5.75	5.32	5.04	4.99	5.17	5.11
5.87	5.4	5.12	5.02	5.21	5.13
5.89	5.32	5.06	4.99	5.16	5.12
5.87	5.11	4.82	4.76	4.97	4.92
5.69	5.04	4.92	4.94	5.18	5.14
5.37	4.82	4.78	4.82	5.07	5.03
5.12	4.6	4.57	4.66	4.93	4.93
5.19	4.61	4.55	4.65	4.94	4.94
5.24	4.71	4.65	4.73	4.98	4.98
5.29	4.82	4.78	4.83	5.09	5.1
5.31	4.84	4.78	4.85	5.12	5.14
5.33	4.96	4.91	4.97	5.24	5.25
5.38	4.95	4.89	4.96	5.22	5.24
5.36	4.91	4.84	4.87	5.14	5.19
5.28	4.76	4.73	4.74	5.06	5.12
5.24	4.79	4.76	4.84	5.14	5.19
5.23	4.79	4.78	4.87	5.19	5.25
5.24	4.85	4.83	4.96	5.24	5.3
5.28	4.86	4.84	4.98	5.27	5.33
5.28	4.83	4.8	4.94	5.23	5.29
5.17	4.8	4.81	4.93	5.23	5.29
5.11	4.78	4.8	4.97	5.25	5.32
5.02	4.68	4.75	4.91	5.17	5.24
4.99	4.6	4.67	4.85	5.08	5.19
5	4.56	4.59	4.78	5.01	5.1
5.06	4.67	4.71	4.86	5.09	5.17
5.06	4.7	4.71	4.88	5.09	5.18
5.07	4.74	4.76	4.92	5.13	5.22
5.07	4.73	4.74	4.91	5.12	5.1
5.08	4.74	4.77	4.93	5.13	5.1
5.06	4.68	4.7	4.85	5.05	5.03
5.04	4.7	4.71	4.86	5.08	5.05
5.05	4.77	4.78	4.9	5.11	5.07
5.07	4.84	4.87	4.99	5.16	5.13
5.08	4.9	4.92	5.06	5.23	5.19
5.02	4.78	4.79	4.94	5.14	5.11
5.04	4.77	4.77	4.94	5.13	5.11
5.02	4.74	4.75	4.96	5.16	5.14
5.01	4.68	4.72	4.94	5.16	5.15
4.89	4.58	4.63	4.86	5.11	5.1
4.81	4.48	4.54	4.81	5.05	5.05
4.82	4.47	4.51	4.75	4.97	4.96
4.85	4.47	4.48	4.7	4.93	4.92
4.84	4.45	4.48	4.67	4.88	4.87
4.84	4.48	4.53	4.75	4.98	4.95
4.82	4.51	4.57	4.78	5	4.98
4.79	4.5	4.55	4.78	5	4.99
4.69	4.44	4.5	4.72	4.94	4.92
4.68	4.42	4.49	4.7	4.9	4.89
4.72	4.46	4.53	4.75	4.96	4.95
4.66	4.43	4.54	4.72	4.94	4.92
4.66	4.43	4.53	4.75	4.97	4.95
4.54	4.29	4.4	4.62	4.86	4.84
4.52	4.19	4.31	4.55	4.82	4.81
4.54	4.19	4.35	4.54	4.79	4.78
4.53	4.25	4.4	4.58	4.83	4.82
4.49	4.18	4.33	4.52	4.78	4.78
4.31	4.14	4.29	4.49	4.76	4.77
4.26	4.1	4.26	4.44	4.71	4.73
4.29	4.17	4.33	4.52	4.78	4.8
4.29	4.18	4.37	4.56	4.82	4.85
4.35	4.29	4.51	4.73	4.97	5
4.34	4.22	4.42	4.68	4.94	4.97
4.32	4.16	4.4	4.67	4.93	4.98
4.3	4.09	4.33	4.62	4.86	4.93
4.22	4.1	4.37	4.66	4.92	4.98
4.15	4.01	4.3	4.6	4.87	4.94
4.1	3.97	4.27	4.58	4.86	4.94
4.11	4.01	4.33	4.63	4.91	4.98
3.94	3.9	4.22	4.52	4.8	4.89
3.93	3.94	4.26	4.56	4.83	4.93
3.94	4.04	4.4	4.7	4.99	5.09
4.08	4.11	4.44	4.75	5.02	5.12
4.01	4.17	4.52	4.83	5.09	5.17
4.15	4.26	4.65	4.94	5.2	5.28
4.12	4.17	4.57	4.87	5.12	5.21
3.91	3.97	4.43	4.75	5.02	5.14
3.87	3.94	4.5	4.86	5.15	5.27
3.77	3.88	4.5	4.88	5.16	5.29
3.75	3.77	4.38	4.78	5.06	5.2
3.8	3.76	4.39	4.78	5.07	5.22
3.84	3.85	4.45	4.88	5.14	5.28
3.83	3.83	4.4	4.79	5.06	5.2
3.85	3.91	4.53	4.94	5.2	5.34
3.95	3.94	4.55	4.97	5.22	5.35
3.92	3.91	4.5	4.94	5.17	5.3
3.89	3.95	4.53	4.95	5.18	5.31
3.84	3.89	4.48	4.87	5.09	5.22
3.74	3.79	4.41	4.83	5.06	5.21
3.74	3.73	4.39	4.82	5.06	5.21
3.7	3.7	4.3	4.68	5.07	5.24
3.72	3.69	4.27	4.65	5.01	5.2
3.74	3.78	4.38	4.76	5.13	5.31
3.78	3.89	4.58	4.99	5.34	5.51
3.71	3.79	4.53	4.94	5.28	5.46
3.63	3.75	4.52	4.95	5.33	5.5
3.57	3.72	4.51	4.95	5.3	5.48
3.57	3.75	4.58	4.99	5.29	5.46
3.61	3.79	4.6	4.99	5.28	5.41
3.65	3.83	4.6	4.99	5.29	5.41
3.64	3.79	4.58	4.99	5.29	5.42
3.64	3.75	4.53	4.96	5.29	5.41
3.7	3.79	4.59	5.05	5.38	5.52
3.66	3.76	4.58	5.04	5.38	5.52
3.71	3.76	4.6	5.06	5.4	5.54
3.68	3.75	4.61	5.07	5.39	5.54
3.63	3.63	4.49	4.94	5.27	5.43
3.67	3.67	4.49	4.94	5.24	5.39
3.68	3.68	4.47	4.93	5.22	5.35
3.63	3.61	4.39	4.84	5.15	5.29
3.62	3.62	4.38	4.83	5.15	5.27
3.63	3.63	4.41	4.88	5.21	5.33
3.64	3.64	4.45	4.93	5.25	5.38
3.6	3.64	4.4	4.87	5.19	5.32
3.56	3.62	4.37	4.82	5.14	5.27
3.55	3.6	4.35	4.81	5.15	5.28
3.56	3.56	4.3	4.76	5.11	5.26
3.52	3.53	4.26	4.74	5.12	5.27
3.52	3.48	4.24	4.73	5.1	5.27
3.51	3.48	4.25	4.72	5.08	5.26
3.49	3.45	4.24	4.72	5.06	5.24
3.51	3.47	4.25	4.7	5.05	5.22
3.45	3.41	4.18	4.63	4.98	5.14
3.46	3.48	4.22	4.65	5	5.16
3.46	3.53	4.3	4.74	5.08	5.24
3.52	3.59	4.36	4.82	5.11	5.26
3.64	3.69	4.48	4.92	5.23	5.35
3.65	3.72	4.52	4.97	5.28	5.42
3.67	3.74	4.47	4.88	5.21	5.37
3.66	3.71	4.48	4.91	5.25	5.41
3.65	3.7	4.5	4.95	5.29	5.44
3.63	3.63	4.43	4.9	5.24	5.41
3.65	3.66	4.41	4.88	5.21	5.37
3.63	3.61	4.34	4.82	5.15	5.32
3.58	3.6	4.33	4.81	5.14	5.31
3.6	3.6	4.33	4.8	5.1	5.27
3.62	3.64	4.37	4.82	5.11	5.27
3.64	3.63	4.32	4.76	5.05	5.21
3.61	3.63	4.34	4.78	5.06	5.22
3.54	3.57	4.25	4.66	4.94	5.12
3.55	3.6	4.28	4.69	4.96	5.13
3.53	3.59	4.29	4.7	4.98	5.15
3.56	3.59	4.28	4.68	4.95	5.13
3.56	3.59	4.26	4.67	4.94	5.13
3.56	3.62	4.3	4.74	5.01	5.2
3.56	3.59	4.24	4.71	4.99	5.19
3.55	3.57	4.15	4.64	4.93	5.13
3.57	3.56	4.14	4.63	4.91	5.11
3.54	3.53	4.06	4.57	4.86	5.07
3.53	3.56	4.09	4.62	4.9	5.11
3.53	3.57	4.17	4.69	4.97	5.17
3.52	3.57	4.22	4.72	4.99	5.2
3.52	3.56	4.17	4.71	4.99	5.19
3.52	3.56	4.19	4.72	5	5.2
3.49	3.46	4.05	4.61	4.87	4.99
3.45	3.48	4.07	4.66	4.93	5.04
3.43	3.45	4.03	4.61	4.88	4.99
3.45	3.43	4	4.57	4.86	4.97
3.43	3.46	4.03	4.59	4.87	4.97
3.43	3.47	4.11	4.62	4.9	5
3.39	3.43	4.04	4.58	4.84	4.95
3.36	3.39	3.95	4.49	4.75	4.84
3.42	3.44	4.02	4.55	4.81	4.91
3.39	3.41	3.96	4.5	4.79	4.87
3.38	3.44	4.03	4.53	4.81	4.91
3.4	3.46	3.99	4.52	4.79	4.89
3.42	3.48	4.03	4.55	4.82	4.93
3.45	3.51	4.04	4.57	4.83	4.94
3.41	3.46	3.97	4.48	4.73	4.85
3.42	3.44	3.92	4.43	4.67	4.78
3.36	3.38	3.88	4.42	4.68	4.79
3.37	3.41	3.91	4.46	4.72	4.85
3.44	3.55	4.1	4.63	4.88	4.99
3.41	3.47	4.07	4.61	4.86	4.97
3.34	3.4	3.93	4.48	4.73	4.86
3.27	3.29	3.82	4.39	4.67	4.8
3.26	3.31	3.82	4.41	4.69	4.84
2.59	2.72	3.3	3.99	4.38	4.63
2.48	2.69	3.31	4.01	4.46	4.72
2.19	2.49	3.18	3.9	4.41	4.69
2.22	2.56	3.27	3.97	4.47	4.75
2.25	2.53	3.27	3.94	4.43	4.7
2.38	2.56	3.3	4	4.47	4.73
2.4	2.51	3.25	3.97	4.45	4.72
2.38	2.48	3.18	3.91	4.39	4.65
2.38	2.43	3.15	3.87	4.33	4.58
2.4	2.49	3.22	3.93	4.37	4.6
2.37	2.47	3.18	3.9	4.33	4.55
2.26	2.43	3.14	3.87	4.31	4.53
2.23	2.38	3.14	3.86	4.29	4.5
2.21	2.37	3.14	3.88	4.29	4.53
2.19	2.33	3.1	3.87	4.26	4.52
2.22	2.35	3.16	3.96	4.35	4.62
2.22	2.35	3.19	3.96	4.35	4.61
2.27	2.44	3.3	4.03	4.43	4.69
2.25	2.4	3.23	4.01	4.41	4.68
2.25	2.39	3.18	3.97	4.36	4.62
2.22	2.37	3.16	3.93	4.32	4.59
2.22	2.37	3.21	3.93	4.32	4.59
2.19	2.36	3.18	3.93	4.32	4.58
2.19	2.34	3.19	3.96	4.37	4.63
2.22	2.35	3.22	3.98	4.37	4.63
2.2	2.37	3.24	4.01	4.4	4.66
2.17	2.32	3.15	3.96	4.34	4.61
2.14	2.26	3.06	3.89	4.29	4.56
2.14	2.26	3.06	3.88	4.26	4.53
2.09	2.18	2.99	3.82	4.22	4.5
2.05	2.11	2.92	3.76	4.14	4.44
2.05	2.07	2.87	3.66	4.03	4.3
2.06	2.1	2.91	3.66	4.01	4.24
2.01	2.07	2.93	3.77	4.12	4.37
2.01	2.05	2.91	3.71	4.07	4.31
1.85	1.97	2.76	3.54	4.03	4.3
1.8	1.93	2.7	3.47	3.95	4.22
1.84	2	2.81	3.58	4.05	4.32
1.83	2.02	2.86	3.62	4.09	4.34
1.84	2.07	2.96	3.69	4.17	4.41
1.87	2.13	3.11	3.83	4.31	4.54
1.92	2.34	3.41	4.1	4.58	4.79
1.95	2.41	3.55	4.24	4.72	4.91
1.94	2.31	3.38	4.12	4.58	4.8
1.95	2.31	3.41	4.17	4.66	4.88
1.96	2.38	3.58	4.31	4.78	4.98
1.95	2.41	3.68	4.4	4.83	5.04
1.98	2.43	3.7	4.41	4.85	5.05
1.92	2.36	3.58	4.32	4.77	4.98
1.87	2.26	3.6	4.33	4.76	4.98
1.8	2.03	3.33	4.1	4.56	4.79
1.78	2.06	3.3	4.08	4.55	4.78
1.78	2.08	3.28	4.04	4.51	4.75
1.74	2.07	3.3	3.99	4.46	4.7
1.77	2.27	3.55	4.24	4.7	4.92
1.75	2.35	3.7	4.38	4.83	5.04
1.69	2.26	3.72	4.5	4.98	5.2
1.71	2.17	3.63	4.46	4.95	5.17
1.66	2.12	3.56	4.38	4.89	5.13
1.67	2.13	3.48	4.29	4.78	5.02
1.69	2.2	3.62	4.4	4.9	5.13
1.73	2.22	3.73	4.52	5.01	5.24
1.74	2.24	3.74	4.54	5.03	5.26
1.71	2.24	3.66	4.46	4.93	5.16
1.69	2.23	3.63	4.38	4.84	5.08
1.69	2.22	3.67	4.42	4.86	5.08
1.71	2.23	3.69	4.45	4.89	5.12
1.72	2.24	3.74	4.49	4.95	5.18
1.75	2.34	3.8	4.55	5	5.22
1.74	2.27	3.71	4.46	4.9	5.13
1.72	2.26	3.69	4.46	4.93	5.15
